2500 4900
1 51 795 795
2 52 649 649
3 53 120 120
4 54 1061109567 345
5 55 472 472
6 56 1061109567 896
7 57 343 343
8 58 798 798
9 59 694 694
10 60 1061109567 747
11 61 767 767
12 62 442 442
13 63 206 206
14 64 681 681
15 65 839 839
16 66 272 272
17 67 172 172
18 68 1061109567 399
19 69 728 728
20 70 524 524
21 71 1061109567 32
22 72 750 750
23 73 440 440
24 74 384 384
25 75 1061109567 516
26 76 319 319
27 77 1061109567 260
28 78 1061109567 396
29 79 660 660
30 80 169 169
31 81 533 533
32 82 1061109567 521
33 83 1061109567 978
34 84 805 805
35 85 75 75
36 86 1061109567 567
37 87 502 502
38 88 149 149
39 89 708 708
40 90 1061109567 113
41 91 950 950
42 92 1061109567 708
43 93 1061109567 712
44 94 144 144
45 95 7 7
46 96 677 677
47 97 271 271
48 98 206 206
49 99 653 653
50 100 727 727
51 101 482 482
52 102 1061109567 448
53 103 630 630
54 104 1061109567 949
55 105 270 270
56 106 1061109567 144
57 107 952 952
58 108 175 175
59 109 365 365
60 110 143 143
61 111 1061109567 585
62 112 739 739
63 113 212 212
64 114 1061109567 524
65 115 288 288
66 116 1061109567 724
67 117 1061109567 78
68 118 151 151
69 119 1061109567 756
70 120 1061109567 216
71 121 358 358
72 122 1061109567 266
73 123 1061109567 686
74 124 833 833
75 125 358 358
76 126 424 424
77 127 432 432
78 128 949 949
79 129 1061109567 954
80 130 1061109567 903
81 131 244 244
82 132 1061109567 39
83 133 290 290
84 134 74 74
85 135 1061109567 601
86 136 1061109567 854
87 137 227 227
88 138 988 988
89 139 1061109567 305
90 140 776 776
91 141 1061109567 812
92 142 1061109567 757
93 143 623 623
94 144 418 418
95 145 630 630
96 146 1061109567 649
97 147 476 476
98 148 672 672
99 149 141 141
100 150 1061109567 888
101 151 38 38
102 152 811 811
103 153 46 46
104 154 1061109567 222
105 155 919 919
106 156 655 655
107 157 564 564
108 158 1061109567 924
109 159 443 443
110 160 460 460
111 161 445 445
112 162 655 655
113 163 551 551
114 164 1061109567 574
115 165 192 192
116 166 1061109567 514
117 167 906 906
118 168 411 411
119 169 370 370
120 170 1061109567 270
121 171 794 794
122 172 57 57
123 173 441 441
124 174 295 295
125 175 191 191
126 176 811 811
127 177 993 993
128 178 1061109567 332
129 179 455 455
130 180 936 936
131 181 247 247
132 182 1061109567 322
133 183 57 57
134 184 723 723
135 185 269 269
136 186 1061109567 807
137 187 556 556
138 188 546 546
139 189 1061109567 516
140 190 226 226
141 191 712 712
142 192 1061109567 643
143 193 1061109567 892
144 194 1061109567 645
145 195 1061109567 245
146 196 259 259
147 197 32 32
148 198 842 842
149 199 364 364
150 200 1061109567 54
151 201 350 350
152 202 753 753
153 203 756 756
154 204 1 1
155 205 1061109567 991
156 206 593 593
157 207 261 261
158 208 324 324
159 209 1061109567 880
160 210 851 851
161 211 289 289
162 212 565 565
163 213 443 443
164 214 647 647
165 215 1061109567 572
166 216 19 19
167 217 1061109567 261
168 218 1061109567 321
169 219 436 436
170 220 926 926
171 221 1061109567 659
172 222 962 962
173 223 10 10
174 224 1061109567 216
175 225 430 430
176 226 1061109567 695
177 227 469 469
178 228 178 178
179 229 1061109567 489
180 230 1061109567 491
181 231 839 839
182 232 151 151
183 233 42 42
184 234 1061109567 152
185 235 244 244
186 236 948 948
187 237 776 776
188 238 967 967
189 239 1061109567 398
190 240 1061109567 788
191 241 854 854
192 242 700 700
193 243 1061109567 161
194 244 717 717
195 245 775 775
196 246 31 31
197 247 1061109567 612
198 248 384 384
199 249 638 638
200 250 1061109567 860
201 251 797 797
202 252 1061109567 376
203 253 1061109567 998
204 254 306 306
205 255 268 268
206 256 233 233
207 257 1061109567 236
208 258 1061109567 896
209 259 973 973
210 260 718 718
211 261 820 820
212 262 348 348
213 263 630 630
214 264 990 990
215 265 1061109567 925
216 266 470 470
217 267 31 31
218 268 1061109567 852
219 269 940 940
220 270 958 958
221 271 202 202
222 272 885 885
223 273 527 527
224 274 390 390
225 275 1061109567 198
226 276 277 277
227 277 66 66
228 278 648 648
229 279 1061109567 134
230 280 506 506
231 281 769 769
232 282 513 513
233 283 1061109567 240
234 284 975 975
235 285 958 958
236 286 1061109567 954
237 287 26 26
238 288 1061109567 474
239 289 289 289
240 290 960 960
241 291 489 489
242 292 483 483
243 293 237 237
244 294 1061109567 122
245 295 191 191
246 296 1061109567 824
247 297 751 751
248 298 420 420
249 299 1061109567 814
250 300 1061109567 492
251 301 559 559
252 302 369 369
253 303 904 904
254 304 291 291
255 305 428 428
256 306 753 753
257 307 1061109567 949
258 308 380 380
259 309 1061109567 269
260 310 1061109567 270
261 311 27 27
262 312 591 591
263 313 170 170
264 314 1061109567 970
265 315 720 720
266 316 629 629
267 317 483 483
268 318 1061109567 653
269 319 968 968
270 320 962 962
271 321 218 218
272 322 335 335
273 323 917 917
274 324 865 865
275 325 1061109567 597
276 326 929 929
277 327 416 416
278 328 456 456
279 329 1061109567 278
280 330 862 862
281 331 651 651
282 332 48 48
283 333 1061109567 141
284 334 345 345
285 335 569 569
286 336 10 10
287 337 598 598
288 338 493 493
289 339 592 592
290 340 512 512
291 341 19 19
292 342 325 325
293 343 1061109567 322
294 344 1061109567 56
295 345 1061109567 566
296 346 812 812
297 347 1061109567 624
298 348 95 95
299 349 185 185
300 350 1061109567 131
301 351 1061109567 29
302 352 1061109567 323
303 353 223 223
304 354 101 101
305 355 278 278
306 356 1061109567 143
307 357 1061109567 281
308 358 372 372
309 359 835 835
310 360 82 82
311 361 650 650
312 362 1061109567 65
313 363 332 332
314 364 1061109567 626
315 365 1061109567 748
316 366 910 910
317 367 135 135
318 368 1061109567 528
319 369 865 865
320 370 5 5
321 371 784 784
322 372 1061109567 198
323 373 1061109567 542
324 374 803 803
325 375 438 438
326 376 1061109567 66
327 377 659 659
328 378 885 885
329 379 620 620
330 380 486 486
331 381 1061109567 254
332 382 515 515
333 383 512 512
334 384 1061109567 26
335 385 1061109567 426
336 386 991 991
337 387 1061109567 112
338 388 778 778
339 389 686 686
340 390 508 508
341 391 795 795
342 392 268 268
343 393 644 644
344 394 1061109567 615
345 395 371 371
346 396 504 504
347 397 525 525
348 398 736 736
349 399 743 743
350 400 1061109567 668
351 401 1061109567 906
352 402 184 184
353 403 400 400
354 404 691 691
355 405 277 277
356 406 915 915
357 407 513 513
358 408 125 125
359 409 317 317
360 410 501 501
361 411 34 34
362 412 1061109567 200
363 413 665 665
364 414 545 545
365 415 501 501
366 416 196 196
367 417 49 49
368 418 1061109567 80
369 419 506 506
370 420 370 370
371 421 574 574
372 422 1061109567 526
373 423 789 789
374 424 1061109567 786
375 425 1061109567 258
376 426 1061109567 434
377 427 588 588
378 428 878 878
379 429 705 705
380 430 824 824
381 431 316 316
382 432 1061109567 260
383 433 1061109567 205
384 434 834 834
385 435 815 815
386 436 599 599
387 437 925 925
388 438 572 572
389 439 405 405
390 440 1061109567 346
391 441 1061109567 395
392 442 1061109567 849
393 443 377 377
394 444 287 287
395 445 286 286
396 446 933 933
397 447 1061109567 931
398 448 965 965
399 449 666 666
400 450 951 951
401 451 664 664
402 452 331 331
403 453 493 493
404 454 1061109567 164
405 455 125 125
406 456 250 250
407 457 1061109567 726
408 458 32 32
409 459 311 311
410 460 613 613
411 461 102 102
412 462 133 133
413 463 960 960
414 464 1061109567 79
415 465 357 357
416 466 650 650
417 467 1061109567 642
418 468 767 767
419 469 1061109567 914
420 470 865 865
421 471 377 377
422 472 1061109567 607
423 473 949 949
424 474 663 663
425 475 787 787
426 476 297 297
427 477 1061109567 36
428 478 923 923
429 479 337 337
430 480 1061109567 211
431 481 506 506
432 482 1061109567 399
433 483 390 390
434 484 852 852
435 485 139 139
436 486 1061109567 332
437 487 163 163
438 488 1061109567 430
439 489 1061109567 136
440 490 413 413
441 491 836 836
442 492 722 722
443 493 627 627
444 494 258 258
445 495 762 762
446 496 501 501
447 497 803 803
448 498 1061109567 877
449 499 83 83
450 500 186 186
451 501 1061109567 960
452 502 1061109567 349
453 503 1061109567 888
454 504 861 861
455 505 1061109567 273
456 506 948 948
457 507 953 953
458 508 1061109567 899
459 509 700 700
460 510 73 73
461 511 411 411
462 512 487 487
463 513 1061109567 195
464 514 511 511
465 515 492 492
466 516 344 344
467 517 1061109567 184
468 518 819 819
469 519 450 450
470 520 227 227
471 521 1061109567 959
472 522 867 867
473 523 1061109567 338
474 524 359 359
475 525 600 600
476 526 978 978
477 527 311 311
478 528 1000 1000
479 529 1061109567 807
480 530 257 257
481 531 1061109567 557
482 532 49 49
483 533 355 355
484 534 1061109567 677
485 535 1061109567 359
486 536 1061109567 951
487 537 254 254
488 538 273 273
489 539 4 4
490 540 179 179
491 541 416 416
492 542 737 737
493 543 894 894
494 544 27 27
495 545 1061109567 937
496 546 890 890
497 547 571 571
498 548 1061109567 611
499 549 1061109567 558
500 550 173 173
501 551 409 409
502 552 964 964
503 553 162 162
504 554 785 785
505 555 1061109567 664
506 556 551 551
507 557 653 653
508 558 901 901
509 559 991 991
510 560 445 445
511 561 959 959
512 562 76 76
513 563 801 801
514 564 80 80
515 565 612 612
516 566 1061109567 209
517 567 1061109567 494
518 568 1061109567 464
519 569 247 247
520 570 1061109567 273
521 571 1061109567 474
522 572 670 670
523 573 655 655
524 574 99 99
525 575 423 423
526 576 488 488
527 577 1061109567 913
528 578 867 867
529 579 1061109567 500
530 580 434 434
531 581 1061109567 654
532 582 1061109567 560
533 583 1061109567 904
534 584 860 860
535 585 1061109567 374
536 586 1061109567 735
537 587 569 569
538 588 50 50
539 589 319 319
540 590 492 492
541 591 415 415
542 592 1061109567 769
543 593 484 484
544 594 782 782
545 595 933 933
546 596 1061109567 331
547 597 1061109567 470
548 598 277 277
549 599 1061109567 327
550 600 1061109567 165
551 601 1061109567 155
552 602 763 763
553 603 254 254
554 604 794 794
555 605 768 768
556 606 590 590
557 607 255 255
558 608 40 40
559 609 954 954
560 610 1061109567 717
561 611 1061109567 176
562 612 712 712
563 613 126 126
564 614 505 505
565 615 857 857
566 616 1061109567 859
567 617 554 554
568 618 180 180
569 619 252 252
570 620 385 385
571 621 642 642
572 622 405 405
573 623 626 626
574 624 429 429
575 625 15 15
576 626 26 26
577 627 1061109567 728
578 628 806 806
579 629 1061109567 980
580 630 297 297
581 631 503 503
582 632 498 498
583 633 1061109567 874
584 634 1061109567 700
585 635 477 477
586 636 330 330
587 637 244 244
588 638 499 499
589 639 583 583
590 640 899 899
591 641 1061109567 129
592 642 502 502
593 643 628 628
594 644 715 715
595 645 754 754
596 646 1061109567 323
597 647 899 899
598 648 679 679
599 649 371 371
600 650 159 159
601 651 838 838
602 652 1061109567 228
603 653 131 131
604 654 14 14
605 655 1061109567 631
606 656 543 543
607 657 1061109567 671
608 658 390 390
609 659 641 641
610 660 980 980
611 661 1061109567 267
612 662 381 381
613 663 601 601
614 664 1061109567 430
615 665 1061109567 49
616 666 239 239
617 667 797 797
618 668 627 627
619 669 24 24
620 670 478 478
621 671 702 702
622 672 680 680
623 673 435 435
624 674 1061109567 713
625 675 117 117
626 676 1061109567 629
627 677 973 973
628 678 730 730
629 679 1061109567 486
630 680 1061109567 571
631 681 332 332
632 682 711 711
633 683 49 49
634 684 881 881
635 685 1061109567 136
636 686 440 440
637 687 139 139
638 688 181 181
639 689 863 863
640 690 165 165
641 691 1061109567 72
642 692 467 467
643 693 204 204
644 694 1061109567 222
645 695 998 998
646 696 748 748
647 697 102 102
648 698 1061109567 861
649 699 1061109567 446
650 700 826 826
651 701 446 446
652 702 192 192
653 703 774 774
654 704 38 38
655 705 266 266
656 706 297 297
657 707 845 845
658 708 684 684
659 709 1061109567 738
660 710 164 164
661 711 1061109567 288
662 712 1061109567 357
663 713 1061109567 67
664 714 490 490
665 715 1061109567 116
666 716 1061109567 622
667 717 966 966
668 718 821 821
669 719 1061109567 84
670 720 559 559
671 721 1061109567 792
672 722 792 792
673 723 95 95
674 724 456 456
675 725 672 672
676 726 1061109567 44
677 727 629 629
678 728 660 660
679 729 1061109567 798
680 730 806 806
681 731 477 477
682 732 118 118
683 733 778 778
684 734 665 665
685 735 578 578
686 736 227 227
687 737 1061109567 695
688 738 190 190
689 739 1061109567 957
690 740 904 904
691 741 1061109567 771
692 742 1061109567 795
693 743 378 378
694 744 49 49
695 745 1061109567 739
696 746 1061109567 73
697 747 1061109567 102
698 748 506 506
699 749 1061109567 363
700 750 782 782
701 751 431 431
702 752 314 314
703 753 171 171
704 754 933 933
705 755 268 268
706 756 930 930
707 757 202 202
708 758 4 4
709 759 436 436
710 760 362 362
711 761 715 715
712 762 1061109567 587
713 763 738 738
714 764 683 683
715 765 588 588
716 766 1061109567 152
717 767 355 355
718 768 1061109567 474
719 769 342 342
720 770 911 911
721 771 960 960
722 772 1061109567 685
723 773 337 337
724 774 891 891
725 775 619 619
726 776 89 89
727 777 282 282
728 778 10 10
729 779 1061109567 259
730 780 920 920
731 781 1061109567 590
732 782 741 741
733 783 700 700
734 784 341 341
735 785 165 165
736 786 486 486
737 787 838 838
738 788 705 705
739 789 482 482
740 790 1061109567 111
741 791 655 655
742 792 1061109567 741
743 793 1061109567 773
744 794 1061109567 645
745 795 1061109567 853
746 796 631 631
747 797 1061109567 882
748 798 455 455
749 799 1061109567 968
750 800 143 143
751 801 743 743
752 802 334 334
753 803 75 75
754 804 1061109567 249
755 805 974 974
756 806 1061109567 562
757 807 210 210
758 808 536 536
759 809 1061109567 785
760 810 205 205
761 811 315 315
762 812 1061109567 538
763 813 1061109567 538
764 814 517 517
765 815 741 741
766 816 345 345
767 817 1061109567 108
768 818 850 850
769 819 739 739
770 820 1061109567 886
771 821 169 169
772 822 1061109567 461
773 823 1061109567 50
774 824 284 284
775 825 264 264
776 826 659 659
777 827 154 154
778 828 854 854
779 829 990 990
780 830 545 545
781 831 301 301
782 832 1061109567 342
783 833 1061109567 502
784 834 768 768
785 835 682 682
786 836 1061109567 674
787 837 1061109567 813
788 838 721 721
789 839 1061109567 493
790 840 565 565
791 841 1061109567 344
792 842 1061109567 228
793 843 1061109567 301
794 844 1061109567 347
795 845 161 161
796 846 992 992
797 847 343 343
798 848 478 478
799 849 1061109567 425
800 850 654 654
801 851 1061109567 608
802 852 924 924
803 853 819 819
804 854 492 492
805 855 150 150
806 856 452 452
807 857 140 140
808 858 649 649
809 859 807 807
810 860 115 115
811 861 493 493
812 862 906 906
813 863 110 110
814 864 436 436
815 865 341 341
816 866 926 926
817 867 1061109567 872
818 868 1061109567 210
819 869 1061109567 367
820 870 1061109567 477
821 871 285 285
822 872 1061109567 576
823 873 123 123
824 874 1061109567 252
825 875 142 142
826 876 1061109567 155
827 877 1061109567 621
828 878 762 762
829 879 37 37
830 880 278 278
831 881 943 943
832 882 297 297
833 883 643 643
834 884 405 405
835 885 607 607
836 886 286 286
837 887 331 331
838 888 179 179
839 889 1061109567 988
840 890 618 618
841 891 455 455
842 892 829 829
843 893 745 745
844 894 110 110
845 895 673 673
846 896 634 634
847 897 1061109567 240
848 898 1061109567 512
849 899 263 263
850 900 976 976
851 901 120 120
852 902 514 514
853 903 1061109567 771
854 904 181 181
855 905 351 351
856 906 313 313
857 907 1061109567 91
858 908 935 935
859 909 599 599
860 910 697 697
861 911 175 175
862 912 1061109567 356
863 913 786 786
864 914 743 743
865 915 1061109567 432
866 916 705 705
867 917 183 183
868 918 1061109567 124
869 919 848 848
870 920 919 919
871 921 96 96
872 922 567 567
873 923 1061109567 279
874 924 1061109567 385
875 925 1061109567 74
876 926 465 465
877 927 536 536
878 928 339 339
879 929 626 626
880 930 264 264
881 931 1061109567 202
882 932 573 573
883 933 1061109567 264
884 934 661 661
885 935 1061109567 929
886 936 496 496
887 937 1061109567 918
888 938 1061109567 354
889 939 1061109567 875
890 940 1061109567 794
891 941 134 134
892 942 898 898
893 943 673 673
894 944 184 184
895 945 1061109567 237
896 946 441 441
897 947 478 478
898 948 1061109567 200
899 949 625 625
900 950 1061109567 27
901 951 907 907
902 952 1061109567 580
903 953 910 910
904 954 357 357
905 955 939 939
906 956 1061109567 491
907 957 46 46
908 958 212 212
909 959 1061109567 95
910 960 17 17
911 961 1061109567 45
912 962 251 251
913 963 360 360
914 964 669 669
915 965 87 87
916 966 1061109567 53
917 967 188 188
918 968 248 248
919 969 414 414
920 970 235 235
921 971 323 323
922 972 475 475
923 973 111 111
924 974 573 573
925 975 1061109567 722
926 976 959 959
927 977 470 470
928 978 240 240
929 979 737 737
930 980 677 677
931 981 123 123
932 982 1061109567 991
933 983 1061109567 443
934 984 936 936
935 985 572 572
936 986 1061109567 690
937 987 1061109567 464
938 988 1061109567 974
939 989 1061109567 907
940 990 1061109567 562
941 991 1061109567 615
942 992 747 747
943 993 193 193
944 994 711 711
945 995 184 184
946 996 1061109567 610
947 997 1061109567 650
948 998 293 293
949 999 1061109567 977
950 1000 716 716
951 1001 305 305
952 1002 325 325
953 1003 1061109567 339
954 1004 679 679
955 1005 1061109567 448
956 1006 27 27
957 1007 1061109567 145
958 1008 757 757
959 1009 1061109567 333
960 1010 871 871
961 1011 118 118
962 1012 26 26
963 1013 1061109567 324
964 1014 1061109567 142
965 1015 214 214
966 1016 1061109567 565
967 1017 1061109567 155
968 1018 1061109567 254
969 1019 947 947
970 1020 1061109567 479
971 1021 355 355
972 1022 793 793
973 1023 953 953
974 1024 1061109567 236
975 1025 350 350
976 1026 567 567
977 1027 297 297
978 1028 956 956
979 1029 595 595
980 1030 260 260
981 1031 107 107
982 1032 1061109567 908
983 1033 935 935
984 1034 1061109567 569
985 1035 834 834
986 1036 759 759
987 1037 173 173
988 1038 974 974
989 1039 1061109567 905
990 1040 629 629
991 1041 924 924
992 1042 1061109567 80
993 1043 299 299
994 1044 1061109567 556
995 1045 936 936
996 1046 597 597
997 1047 1061109567 567
998 1048 1061109567 942
999 1049 222 222
1000 1050 1061109567 671
1001 1051 764 764
1002 1052 1061109567 393
1003 1053 970 970
1004 1054 596 596
1005 1055 505 505
1006 1056 99 99
1007 1057 665 665
1008 1058 1061109567 700
1009 1059 439 439
1010 1060 525 525
1011 1061 679 679
1012 1062 362 362
1013 1063 1061109567 319
1014 1064 1061109567 230
1015 1065 493 493
1016 1066 915 915
1017 1067 739 739
1018 1068 1061109567 118
1019 1069 70 70
1020 1070 645 645
1021 1071 718 718
1022 1072 238 238
1023 1073 1061109567 816
1024 1074 477 477
1025 1075 589 589
1026 1076 1061109567 273
1027 1077 1061109567 700
1028 1078 752 752
1029 1079 444 444
1030 1080 554 554
1031 1081 581 581
1032 1082 739 739
1033 1083 320 320
1034 1084 433 433
1035 1085 502 502
1036 1086 1061109567 639
1037 1087 33 33
1038 1088 1061109567 62
1039 1089 348 348
1040 1090 953 953
1041 1091 973 973
1042 1092 1061109567 470
1043 1093 1061109567 182
1044 1094 112 112
1045 1095 1061109567 957
1046 1096 600 600
1047 1097 168 168
1048 1098 90 90
1049 1099 264 264
1050 1100 908 908
1051 1101 587 587
1052 1102 1061109567 383
1053 1103 1061109567 642
1054 1104 1061109567 498
1055 1105 928 928
1056 1106 1061109567 671
1057 1107 1061109567 976
1058 1108 3 3
1059 1109 599 599
1060 1110 931 931
1061 1111 286 286
1062 1112 1061109567 988
1063 1113 443 443
1064 1114 1061109567 407
1065 1115 1061109567 511
1066 1116 1061109567 710
1067 1117 1061109567 576
1068 1118 1061109567 441
1069 1119 122 122
1070 1120 1061109567 425
1071 1121 345 345
1072 1122 452 452
1073 1123 1061109567 164
1074 1124 771 771
1075 1125 26 26
1076 1126 193 193
1077 1127 657 657
1078 1128 1061109567 875
1079 1129 295 295
1080 1130 119 119
1081 1131 167 167
1082 1132 1061109567 349
1083 1133 16 16
1084 1134 578 578
1085 1135 1061109567 735
1086 1136 1061109567 347
1087 1137 517 517
1088 1138 679 679
1089 1139 485 485
1090 1140 1061109567 715
1091 1141 1061109567 244
1092 1142 925 925
1093 1143 1061109567 484
1094 1144 1061109567 57
1095 1145 847 847
1096 1146 207 207
1097 1147 1061109567 922
1098 1148 478 478
1099 1149 942 942
1100 1150 251 251
1101 1151 300 300
1102 1152 660 660
1103 1153 987 987
1104 1154 1061109567 333
1105 1155 416 416
1106 1156 1061109567 539
1107 1157 1061109567 967
1108 1158 79 79
1109 1159 616 616
1110 1160 1061109567 517
1111 1161 1061109567 110
1112 1162 1061109567 931
1113 1163 569 569
1114 1164 951 951
1115 1165 127 127
1116 1166 382 382
1117 1167 427 427
1118 1168 680 680
1119 1169 1061109567 503
1120 1170 439 439
1121 1171 229 229
1122 1172 209 209
1123 1173 44 44
1124 1174 884 884
1125 1175 1061109567 483
1126 1176 837 837
1127 1177 62 62
1128 1178 330 330
1129 1179 481 481
1130 1180 255 255
1131 1181 137 137
1132 1182 1061109567 187
1133 1183 593 593
1134 1184 120 120
1135 1185 236 236
1136 1186 541 541
1137 1187 29 29
1138 1188 119 119
1139 1189 997 997
1140 1190 1061109567 981
1141 1191 291 291
1142 1192 1061109567 120
1143 1193 87 87
1144 1194 1061109567 369
1145 1195 796 796
1146 1196 1061109567 69
1147 1197 581 581
1148 1198 668 668
1149 1199 605 605
1150 1200 803 803
1151 1201 1061109567 96
1152 1202 1061109567 599
1153 1203 143 143
1154 1204 651 651
1155 1205 706 706
1156 1206 134 134
1157 1207 1061109567 604
1158 1208 28 28
1159 1209 373 373
1160 1210 759 759
1161 1211 150 150
1162 1212 1061109567 933
1163 1213 169 169
1164 1214 506 506
1165 1215 173 173
1166 1216 4 4
1167 1217 325 325
1168 1218 1061109567 472
1169 1219 264 264
1170 1220 1061109567 750
1171 1221 966 966
1172 1222 1061109567 58
1173 1223 718 718
1174 1224 1061109567 411
1175 1225 1061109567 512
1176 1226 29 29
1177 1227 651 651
1178 1228 39 39
1179 1229 981 981
1180 1230 116 116
1181 1231 506 506
1182 1232 730 730
1183 1233 1061109567 913
1184 1234 1061109567 131
1185 1235 1061109567 101
1186 1236 40 40
1187 1237 174 174
1188 1238 966 966
1189 1239 203 203
1190 1240 1061109567 725
1191 1241 833 833
1192 1242 846 846
1193 1243 743 743
1194 1244 1061109567 308
1195 1245 1061109567 462
1196 1246 1061109567 175
1197 1247 809 809
1198 1248 1061109567 66
1199 1249 1061109567 739
1200 1250 79 79
1201 1251 1061109567 184
1202 1252 912 912
1203 1253 1061109567 396
1204 1254 200 200
1205 1255 1061109567 180
1206 1256 1061109567 741
1207 1257 937 937
1208 1258 1061109567 233
1209 1259 895 895
1210 1260 226 226
1211 1261 63 63
1212 1262 1061109567 315
1213 1263 368 368
1214 1264 1061109567 86
1215 1265 106 106
1216 1266 110 110
1217 1267 174 174
1218 1268 461 461
1219 1269 104 104
1220 1270 18 18
1221 1271 416 416
1222 1272 82 82
1223 1273 213 213
1224 1274 7 7
1225 1275 1061109567 698
1226 1276 484 484
1227 1277 1061109567 441
1228 1278 1061109567 979
1229 1279 596 596
1230 1280 349 349
1231 1281 1061109567 340
1232 1282 919 919
1233 1283 1061109567 925
1234 1284 1061109567 742
1235 1285 1061109567 999
1236 1286 412 412
1237 1287 958 958
1238 1288 1061109567 634
1239 1289 854 854
1240 1290 519 519
1241 1291 884 884
1242 1292 112 112
1243 1293 614 614
1244 1294 410 410
1245 1295 375 375
1246 1296 1061109567 230
1247 1297 323 323
1248 1298 1061109567 640
1249 1299 919 919
1250 1300 1061109567 580
1251 1301 1061109567 256
1252 1302 1061109567 785
1253 1303 1061109567 879
1254 1304 1061109567 742
1255 1305 119 119
1256 1306 1061109567 143
1257 1307 1061109567 429
1258 1308 654 654
1259 1309 950 950
1260 1310 251 251
1261 1311 85 85
1262 1312 569 569
1263 1313 777 777
1264 1314 603 603
1265 1315 1061109567 617
1266 1316 999 999
1267 1317 560 560
1268 1318 255 255
1269 1319 124 124
1270 1320 1061109567 958
1271 1321 279 279
1272 1322 1000 1000
1273 1323 816 816
1274 1324 174 174
1275 1325 702 702
1276 1326 89 89
1277 1327 1061109567 508
1278 1328 14 14
1279 1329 706 706
1280 1330 811 811
1281 1331 388 388
1282 1332 640 640
1283 1333 982 982
1284 1334 602 602
1285 1335 292 292
1286 1336 1061109567 924
1287 1337 1061109567 247
1288 1338 1061109567 885
1289 1339 225 225
1290 1340 430 430
1291 1341 1061109567 232
1292 1342 637 637
1293 1343 1061109567 771
1294 1344 1061109567 165
1295 1345 1061109567 325
1296 1346 623 623
1297 1347 1061109567 909
1298 1348 237 237
1299 1349 1061109567 23
1300 1350 993 993
1301 1351 408 408
1302 1352 384 384
1303 1353 1061109567 176
1304 1354 590 590
1305 1355 138 138
1306 1356 515 515
1307 1357 906 906
1308 1358 1061109567 543
1309 1359 1061109567 558
1310 1360 557 557
1311 1361 122 122
1312 1362 117 117
1313 1363 867 867
1314 1364 862 862
1315 1365 688 688
1316 1366 402 402
1317 1367 9 9
1318 1368 345 345
1319 1369 1061109567 439
1320 1370 6 6
1321 1371 743 743
1322 1372 316 316
1323 1373 615 615
1324 1374 1061109567 773
1325 1375 792 792
1326 1376 825 825
1327 1377 587 587
1328 1378 836 836
1329 1379 348 348
1330 1380 1061109567 420
1331 1381 586 586
1332 1382 23 23
1333 1383 66 66
1334 1384 434 434
1335 1385 281 281
1336 1386 1061109567 454
1337 1387 221 221
1338 1388 818 818
1339 1389 710 710
1340 1390 940 940
1341 1391 925 925
1342 1392 272 272
1343 1393 1061109567 959
1344 1394 229 229
1345 1395 8 8
1346 1396 618 618
1347 1397 177 177
1348 1398 197 197
1349 1399 438 438
1350 1400 754 754
1351 1401 758 758
1352 1402 508 508
1353 1403 976 976
1354 1404 105 105
1355 1405 104 104
1356 1406 155 155
1357 1407 1061109567 263
1358 1408 321 321
1359 1409 321 321
1360 1410 1061109567 141
1361 1411 569 569
1362 1412 1061109567 398
1363 1413 542 542
1364 1414 542 542
1365 1415 1061109567 106
1366 1416 295 295
1367 1417 243 243
1368 1418 1061109567 773
1369 1419 1061109567 341
1370 1420 173 173
1371 1421 132 132
1372 1422 255 255
1373 1423 745 745
1374 1424 499 499
1375 1425 334 334
1376 1426 1061109567 929
1377 1427 1061109567 901
1378 1428 1061109567 491
1379 1429 334 334
1380 1430 775 775
1381 1431 1061109567 974
1382 1432 1061109567 361
1383 1433 220 220
1384 1434 805 805
1385 1435 1061109567 61
1386 1436 987 987
1387 1437 155 155
1388 1438 1061109567 888
1389 1439 946 946
1390 1440 1061109567 53
1391 1441 490 490
1392 1442 778 778
1393 1443 45 45
1394 1444 294 294
1395 1445 900 900
1396 1446 134 134
1397 1447 303 303
1398 1448 229 229
1399 1449 1061109567 248
1400 1450 765 765
1401 1451 933 933
1402 1452 908 908
1403 1453 115 115
1404 1454 1061109567 373
1405 1455 2 2
1406 1456 374 374
1407 1457 518 518
1408 1458 145 145
1409 1459 480 480
1410 1460 308 308
1411 1461 1061109567 867
1412 1462 986 986
1413 1463 843 843
1414 1464 396 396
1415 1465 316 316
1416 1466 746 746
1417 1467 199 199
1418 1468 223 223
1419 1469 55 55
1420 1470 380 380
1421 1471 653 653
1422 1472 590 590
1423 1473 53 53
1424 1474 773 773
1425 1475 863 863
1426 1476 619 619
1427 1477 1061109567 258
1428 1478 192 192
1429 1479 320 320
1430 1480 753 753
1431 1481 264 264
1432 1482 467 467
1433 1483 1061109567 789
1434 1484 610 610
1435 1485 1061109567 97
1436 1486 571 571
1437 1487 1061109567 20
1438 1488 1061109567 22
1439 1489 759 759
1440 1490 286 286
1441 1491 622 622
1442 1492 310 310
1443 1493 960 960
1444 1494 1061109567 281
1445 1495 741 741
1446 1496 1061109567 185
1447 1497 799 799
1448 1498 742 742
1449 1499 1061109567 714
1450 1500 248 248
1451 1501 316 316
1452 1502 281 281
1453 1503 888 888
1454 1504 163 163
1455 1505 1061109567 278
1456 1506 1061109567 119
1457 1507 1061109567 726
1458 1508 446 446
1459 1509 582 582
1460 1510 193 193
1461 1511 805 805
1462 1512 915 915
1463 1513 1061109567 279
1464 1514 75 75
1465 1515 85 85
1466 1516 197 197
1467 1517 1061109567 468
1468 1518 687 687
1469 1519 822 822
1470 1520 1061109567 708
1471 1521 1061109567 365
1472 1522 1061109567 660
1473 1523 1061109567 593
1474 1524 1061109567 620
1475 1525 123 123
1476 1526 694 694
1477 1527 153 153
1478 1528 374 374
1479 1529 924 924
1480 1530 49 49
1481 1531 297 297
1482 1532 659 659
1483 1533 1061109567 122
1484 1534 466 466
1485 1535 679 679
1486 1536 1061109567 800
1487 1537 1061109567 304
1488 1538 1061109567 689
1489 1539 670 670
1490 1540 703 703
1491 1541 1061109567 526
1492 1542 824 824
1493 1543 178 178
1494 1544 583 583
1495 1545 1061109567 576
1496 1546 464 464
1497 1547 464 464
1498 1548 391 391
1499 1549 71 71
1500 1550 70 70
1501 1551 147 147
1502 1552 619 619
1503 1553 124 124
1504 1554 658 658
1505 1555 412 412
1506 1556 415 415
1507 1557 327 327
1508 1558 1061109567 529
1509 1559 1061109567 162
1510 1560 60 60
1511 1561 1061109567 222
1512 1562 809 809
1513 1563 1061109567 528
1514 1564 1061109567 586
1515 1565 1061109567 376
1516 1566 1061109567 859
1517 1567 227 227
1518 1568 1061109567 693
1519 1569 1061109567 176
1520 1570 970 970
1521 1571 350 350
1522 1572 406 406
1523 1573 1061109567 648
1524 1574 512 512
1525 1575 1061109567 607
1526 1576 341 341
1527 1577 1061109567 782
1528 1578 131 131
1529 1579 197 197
1530 1580 99 99
1531 1581 717 717
1532 1582 872 872
1533 1583 540 540
1534 1584 87 87
1535 1585 1061109567 685
1536 1586 1061109567 261
1537 1587 710 710
1538 1588 322 322
1539 1589 1061109567 606
1540 1590 537 537
1541 1591 1061109567 227
1542 1592 528 528
1543 1593 746 746
1544 1594 455 455
1545 1595 471 471
1546 1596 1061109567 60
1547 1597 1061109567 34
1548 1598 21 21
1549 1599 1061109567 61
1550 1600 952 952
1551 1601 707 707
1552 1602 528 528
1553 1603 1061109567 352
1554 1604 764 764
1555 1605 1061109567 621
1556 1606 899 899
1557 1607 508 508
1558 1608 702 702
1559 1609 52 52
1560 1610 8 8
1561 1611 162 162
1562 1612 501 501
1563 1613 1061109567 770
1564 1614 1061109567 482
1565 1615 1061109567 60
1566 1616 1061109567 889
1567 1617 172 172
1568 1618 1061109567 379
1569 1619 390 390
1570 1620 1061109567 627
1571 1621 1061109567 187
1572 1622 71 71
1573 1623 760 760
1574 1624 811 811
1575 1625 466 466
1576 1626 1061109567 642
1577 1627 1061109567 65
1578 1628 1061109567 337
1579 1629 614 614
1580 1630 962 962
1581 1631 905 905
1582 1632 1061109567 361
1583 1633 286 286
1584 1634 58 58
1585 1635 1061109567 783
1586 1636 251 251
1587 1637 1061109567 24
1588 1638 815 815
1589 1639 174 174
1590 1640 264 264
1591 1641 847 847
1592 1642 138 138
1593 1643 930 930
1594 1644 257 257
1595 1645 1061109567 746
1596 1646 767 767
1597 1647 916 916
1598 1648 733 733
1599 1649 259 259
1600 1650 1061109567 57
1601 1651 900 900
1602 1652 142 142
1603 1653 415 415
1604 1654 857 857
1605 1655 866 866
1606 1656 356 356
1607 1657 395 395
1608 1658 172 172
1609 1659 1061109567 749
1610 1660 157 157
1611 1661 787 787
1612 1662 591 591
1613 1663 549 549
1614 1664 713 713
1615 1665 97 97
1616 1666 901 901
1617 1667 568 568
1618 1668 1061109567 730
1619 1669 932 932
1620 1670 428 428
1621 1671 292 292
1622 1672 178 178
1623 1673 65 65
1624 1674 782 782
1625 1675 989 989
1626 1676 23 23
1627 1677 1061109567 753
1628 1678 263 263
1629 1679 294 294
1630 1680 1061109567 611
1631 1681 812 812
1632 1682 386 386
1633 1683 801 801
1634 1684 587 587
1635 1685 1061109567 98
1636 1686 565 565
1637 1687 848 848
1638 1688 280 280
1639 1689 1061109567 699
1640 1690 1061109567 953
1641 1691 1061109567 741
1642 1692 408 408
1643 1693 88 88
1644 1694 1061109567 96
1645 1695 228 228
1646 1696 1061109567 565
1647 1697 371 371
1648 1698 1061109567 129
1649 1699 698 698
1650 1700 1061109567 526
1651 1701 243 243
1652 1702 24 24
1653 1703 1061109567 999
1654 1704 1061109567 577
1655 1705 761 761
1656 1706 415 415
1657 1707 227 227
1658 1708 1061109567 937
1659 1709 514 514
1660 1710 238 238
1661 1711 1061109567 139
1662 1712 1061109567 126
1663 1713 190 190
1664 1714 755 755
1665 1715 317 317
1666 1716 926 926
1667 1717 1061109567 138
1668 1718 307 307
1669 1719 1061109567 629
1670 1720 654 654
1671 1721 1061109567 296
1672 1722 1061109567 697
1673 1723 1061109567 790
1674 1724 394 394
1675 1725 227 227
1676 1726 823 823
1677 1727 1061109567 264
1678 1728 1061109567 548
1679 1729 492 492
1680 1730 274 274
1681 1731 448 448
1682 1732 1061109567 126
1683 1733 545 545
1684 1734 325 325
1685 1735 1061109567 588
1686 1736 1061109567 435
1687 1737 25 25
1688 1738 1061109567 438
1689 1739 582 582
1690 1740 1061109567 216
1691 1741 633 633
1692 1742 372 372
1693 1743 380 380
1694 1744 1061109567 762
1695 1745 407 407
1696 1746 742 742
1697 1747 953 953
1698 1748 763 763
1699 1749 1061109567 317
1700 1750 983 983
1701 1751 962 962
1702 1752 541 541
1703 1753 840 840
1704 1754 1061109567 532
1705 1755 1061109567 871
1706 1756 656 656
1707 1757 487 487
1708 1758 741 741
1709 1759 1061109567 599
1710 1760 1061109567 13
1711 1761 1061109567 863
1712 1762 185 185
1713 1763 16 16
1714 1764 82 82
1715 1765 286 286
1716 1766 688 688
1717 1767 373 373
1718 1768 122 122
1719 1769 83 83
1720 1770 954 954
1721 1771 1061109567 318
1722 1772 1061109567 348
1723 1773 1061109567 318
1724 1774 159 159
1725 1775 138 138
1726 1776 634 634
1727 1777 867 867
1728 1778 1061109567 395
1729 1779 1061109567 793
1730 1780 473 473
1731 1781 568 568
1732 1782 1061109567 120
1733 1783 1061109567 686
1734 1784 1061109567 95
1735 1785 412 412
1736 1786 1061109567 828
1737 1787 925 925
1738 1788 1061109567 576
1739 1789 369 369
1740 1790 513 513
1741 1791 404 404
1742 1792 1061109567 707
1743 1793 633 633
1744 1794 25 25
1745 1795 765 765
1746 1796 303 303
1747 1797 1061109567 58
1748 1798 513 513
1749 1799 1061109567 812
1750 1800 820 820
1751 1801 778 778
1752 1802 1061109567 630
1753 1803 1061109567 21
1754 1804 1061109567 94
1755 1805 679 679
1756 1806 364 364
1757 1807 281 281
1758 1808 299 299
1759 1809 452 452
1760 1810 313 313
1761 1811 391 391
1762 1812 127 127
1763 1813 34 34
1764 1814 1061109567 753
1765 1815 1061109567 886
1766 1816 1061109567 445
1767 1817 445 445
1768 1818 605 605
1769 1819 270 270
1770 1820 291 291
1771 1821 331 331
1772 1822 1061109567 478
1773 1823 1061109567 890
1774 1824 269 269
1775 1825 1061109567 94
1776 1826 515 515
1777 1827 1061109567 298
1778 1828 662 662
1779 1829 645 645
1780 1830 1061109567 249
1781 1831 553 553
1782 1832 656 656
1783 1833 1061109567 117
1784 1834 1061109567 518
1785 1835 1061109567 305
1786 1836 587 587
1787 1837 4 4
1788 1838 71 71
1789 1839 78 78
1790 1840 1061109567 751
1791 1841 475 475
1792 1842 1061109567 243
1793 1843 796 796
1794 1844 1061109567 635
1795 1845 43 43
1796 1846 1061109567 182
1797 1847 382 382
1798 1848 250 250
1799 1849 1061109567 251
1800 1850 1061109567 747
1801 1851 492 492
1802 1852 70 70
1803 1853 235 235
1804 1854 270 270
1805 1855 365 365
1806 1856 947 947
1807 1857 730 730
1808 1858 1061109567 25
1809 1859 182 182
1810 1860 878 878
1811 1861 669 669
1812 1862 1061109567 120
1813 1863 1061109567 857
1814 1864 84 84
1815 1865 1061109567 790
1816 1866 1061109567 64
1817 1867 649 649
1818 1868 270 270
1819 1869 220 220
1820 1870 1061109567 381
1821 1871 123 123
1822 1872 53 53
1823 1873 930 930
1824 1874 1061109567 410
1825 1875 1061109567 234
1826 1876 1061109567 538
1827 1877 836 836
1828 1878 1061109567 288
1829 1879 140 140
1830 1880 1061109567 792
1831 1881 808 808
1832 1882 365 365
1833 1883 1061109567 778
1834 1884 1061109567 634
1835 1885 307 307
1836 1886 235 235
1837 1887 385 385
1838 1888 1061109567 500
1839 1889 566 566
1840 1890 183 183
1841 1891 1061109567 524
1842 1892 1061109567 346
1843 1893 381 381
1844 1894 1061109567 898
1845 1895 1061109567 482
1846 1896 496 496
1847 1897 1061109567 817
1848 1898 87 87
1849 1899 1061109567 323
1850 1900 415 415
1851 1901 816 816
1852 1902 1061109567 540
1853 1903 234 234
1854 1904 616 616
1855 1905 1061109567 993
1856 1906 1061109567 816
1857 1907 362 362
1858 1908 777 777
1859 1909 1061109567 254
1860 1910 652 652
1861 1911 9 9
1862 1912 343 343
1863 1913 1061109567 481
1864 1914 132 132
1865 1915 388 388
1866 1916 40 40
1867 1917 577 577
1868 1918 462 462
1869 1919 428 428
1870 1920 735 735
1871 1921 885 885
1872 1922 123 123
1873 1923 1061109567 439
1874 1924 676 676
1875 1925 1061109567 120
1876 1926 32 32
1877 1927 427 427
1878 1928 586 586
1879 1929 1061109567 256
1880 1930 474 474
1881 1931 1061109567 428
1882 1932 1061109567 638
1883 1933 538 538
1884 1934 202 202
1885 1935 329 329
1886 1936 1061109567 340
1887 1937 180 180
1888 1938 207 207
1889 1939 1061109567 648
1890 1940 33 33
1891 1941 230 230
1892 1942 700 700
1893 1943 930 930
1894 1944 24 24
1895 1945 1061109567 126
1896 1946 730 730
1897 1947 249 249
1898 1948 684 684
1899 1949 640 640
1900 1950 64 64
1901 1951 83 83
1902 1952 896 896
1903 1953 1061109567 775
1904 1954 449 449
1905 1955 176 176
1906 1956 335 335
1907 1957 650 650
1908 1958 998 998
1909 1959 661 661
1910 1960 1061109567 130
1911 1961 812 812
1912 1962 32 32
1913 1963 639 639
1914 1964 216 216
1915 1965 93 93
1916 1966 741 741
1917 1967 627 627
1918 1968 872 872
1919 1969 1061109567 831
1920 1970 674 674
1921 1971 1061109567 101
1922 1972 1061109567 351
1923 1973 1061109567 468
1924 1974 80 80
1925 1975 140 140
1926 1976 689 689
1927 1977 890 890
1928 1978 888 888
1929 1979 1061109567 81
1930 1980 1061109567 693
1931 1981 968 968
1932 1982 967 967
1933 1983 762 762
1934 1984 616 616
1935 1985 1061109567 733
1936 1986 1061109567 307
1937 1987 656 656
1938 1988 313 313
1939 1989 764 764
1940 1990 387 387
1941 1991 927 927
1942 1992 1061109567 361
1943 1993 1061109567 107
1944 1994 861 861
1945 1995 1061109567 592
1946 1996 512 512
1947 1997 2 2
1948 1998 192 192
1949 1999 1061109567 612
1950 2000 51 51
1951 2001 972 972
1952 2002 593 593
1953 2003 1061109567 948
1954 2004 1061109567 349
1955 2005 91 91
1956 2006 1061109567 432
1957 2007 405 405
1958 2008 1061109567 597
1959 2009 760 760
1960 2010 1061109567 735
1961 2011 348 348
1962 2012 55 55
1963 2013 1061109567 356
1964 2014 995 995
1965 2015 963 963
1966 2016 1061109567 812
1967 2017 133 133
1968 2018 361 361
1969 2019 1061109567 704
1970 2020 365 365
1971 2021 55 55
1972 2022 457 457
1973 2023 1061109567 905
1974 2024 996 996
1975 2025 210 210
1976 2026 144 144
1977 2027 454 454
1978 2028 465 465
1979 2029 752 752
1980 2030 510 510
1981 2031 1061109567 106
1982 2032 500 500
1983 2033 578 578
1984 2034 1061109567 758
1985 2035 817 817
1986 2036 947 947
1987 2037 265 265
1988 2038 1061109567 36
1989 2039 1061109567 842
1990 2040 872 872
1991 2041 659 659
1992 2042 147 147
1993 2043 248 248
1994 2044 329 329
1995 2045 421 421
1996 2046 1061109567 56
1997 2047 298 298
1998 2048 751 751
1999 2049 945 945
2000 2050 1061109567 955
2001 2051 110 110
2002 2052 71 71
2003 2053 339 339
2004 2054 905 905
2005 2055 373 373
2006 2056 624 624
2007 2057 585 585
2008 2058 72 72
2009 2059 303 303
2010 2060 142 142
2011 2061 1061109567 445
2012 2062 595 595
2013 2063 20 20
2014 2064 1061109567 603
2015 2065 824 824
2016 2066 36 36
2017 2067 681 681
2018 2068 1061109567 111
2019 2069 1061109567 740
2020 2070 1061109567 53
2021 2071 48 48
2022 2072 601 601
2023 2073 158 158
2024 2074 668 668
2025 2075 1061109567 474
2026 2076 1061109567 830
2027 2077 1061109567 291
2028 2078 1061109567 135
2029 2079 41 41
2030 2080 93 93
2031 2081 933 933
2032 2082 1061109567 252
2033 2083 402 402
2034 2084 303 303
2035 2085 910 910
2036 2086 719 719
2037 2087 692 692
2038 2088 671 671
2039 2089 54 54
2040 2090 199 199
2041 2091 1061109567 353
2042 2092 625 625
2043 2093 864 864
2044 2094 774 774
2045 2095 37 37
2046 2096 186 186
2047 2097 377 377
2048 2098 261 261
2049 2099 160 160
2050 2100 1061109567 792
2051 2101 260 260
2052 2102 478 478
2053 2103 723 723
2054 2104 695 695
2055 2105 274 274
2056 2106 1061109567 8
2057 2107 253 253
2058 2108 383 383
2059 2109 833 833
2060 2110 205 205
2061 2111 1061109567 268
2062 2112 486 486
2063 2113 1061109567 631
2064 2114 7 7
2065 2115 1061109567 607
2066 2116 606 606
2067 2117 1061109567 963
2068 2118 652 652
2069 2119 878 878
2070 2120 464 464
2071 2121 941 941
2072 2122 571 571
2073 2123 1061109567 762
2074 2124 1061109567 481
2075 2125 194 194
2076 2126 1061109567 772
2077 2127 680 680
2078 2128 667 667
2079 2129 117 117
2080 2130 1061109567 653
2081 2131 854 854
2082 2132 271 271
2083 2133 401 401
2084 2134 281 281
2085 2135 911 911
2086 2136 1061109567 15
2087 2137 274 274
2088 2138 1061109567 359
2089 2139 1061109567 636
2090 2140 224 224
2091 2141 822 822
2092 2142 751 751
2093 2143 402 402
2094 2144 1061109567 244
2095 2145 516 516
2096 2146 90 90
2097 2147 642 642
2098 2148 10 10
2099 2149 583 583
2100 2150 726 726
2101 2151 781 781
2102 2152 990 990
2103 2153 1061109567 867
2104 2154 719 719
2105 2155 1061109567 674
2106 2156 1061109567 90
2107 2157 994 994
2108 2158 191 191
2109 2159 497 497
2110 2160 1061109567 125
2111 2161 310 310
2112 2162 1061109567 769
2113 2163 343 343
2114 2164 967 967
2115 2165 982 982
2116 2166 1061109567 335
2117 2167 950 950
2118 2168 896 896
2119 2169 735 735
2120 2170 333 333
2121 2171 994 994
2122 2172 51 51
2123 2173 742 742
2124 2174 1061109567 193
2125 2175 999 999
2126 2176 499 499
2127 2177 503 503
2128 2178 834 834
2129 2179 118 118
2130 2180 55 55
2131 2181 712 712
2132 2182 1061109567 10
2133 2183 723 723
2134 2184 68 68
2135 2185 1061109567 945
2136 2186 165 165
2137 2187 705 705
2138 2188 688 688
2139 2189 92 92
2140 2190 1061109567 987
2141 2191 1061109567 21
2142 2192 1061109567 675
2143 2193 880 880
2144 2194 1061109567 992
2145 2195 276 276
2146 2196 921 921
2147 2197 888 888
2148 2198 784 784
2149 2199 713 713
2150 2200 262 262
2151 2201 136 136
2152 2202 684 684
2153 2203 1061109567 347
2154 2204 635 635
2155 2205 854 854
2156 2206 685 685
2157 2207 505 505
2158 2208 38 38
2159 2209 404 404
2160 2210 1061109567 535
2161 2211 972 972
2162 2212 838 838
2163 2213 526 526
2164 2214 1061109567 403
2165 2215 1061109567 331
2166 2216 794 794
2167 2217 103 103
2168 2218 500 500
2169 2219 48 48
2170 2220 1061109567 877
2171 2221 905 905
2172 2222 1061109567 538
2173 2223 530 530
2174 2224 659 659
2175 2225 596 596
2176 2226 412 412
2177 2227 1061109567 765
2178 2228 268 268
2179 2229 447 447
2180 2230 1061109567 779
2181 2231 1061109567 95
2182 2232 429 429
2183 2233 797 797
2184 2234 459 459
2185 2235 571 571
2186 2236 32 32
2187 2237 337 337
2188 2238 902 902
2189 2239 617 617
2190 2240 927 927
2191 2241 255 255
2192 2242 781 781
2193 2243 1061109567 905
2194 2244 953 953
2195 2245 141 141
2196 2246 795 795
2197 2247 678 678
2198 2248 1061109567 33
2199 2249 1061109567 66
2200 2250 784 784
2201 2251 1061109567 391
2202 2252 309 309
2203 2253 1061109567 548
2204 2254 742 742
2205 2255 527 527
2206 2256 163 163
2207 2257 1061109567 429
2208 2258 738 738
2209 2259 792 792
2210 2260 259 259
2211 2261 71 71
2212 2262 386 386
2213 2263 915 915
2214 2264 100 100
2215 2265 45 45
2216 2266 662 662
2217 2267 1061109567 478
2218 2268 295 295
2219 2269 21 21
2220 2270 709 709
2221 2271 467 467
2222 2272 962 962
2223 2273 556 556
2224 2274 139 139
2225 2275 438 438
2226 2276 131 131
2227 2277 1061109567 160
2228 2278 1061109567 614
2229 2279 376 376
2230 2280 911 911
2231 2281 1061109567 860
2232 2282 1061109567 996
2233 2283 1061109567 846
2234 2284 1061109567 459
2235 2285 859 859
2236 2286 576 576
2237 2287 649 649
2238 2288 1061109567 785
2239 2289 939 939
2240 2290 909 909
2241 2291 1061109567 757
2242 2292 264 264
2243 2293 1061109567 969
2244 2294 1061109567 88
2245 2295 28 28
2246 2296 790 790
2247 2297 901 901
2248 2298 429 429
2249 2299 1061109567 747
2250 2300 123 123
2251 2301 1061109567 194
2252 2302 1061109567 550
2253 2303 358 358
2254 2304 563 563
2255 2305 324 324
2256 2306 788 788
2257 2307 1061109567 660
2258 2308 482 482
2259 2309 800 800
2260 2310 1061109567 748
2261 2311 543 543
2262 2312 687 687
2263 2313 638 638
2264 2314 344 344
2265 2315 432 432
2266 2316 891 891
2267 2317 352 352
2268 2318 41 41
2269 2319 225 225
2270 2320 559 559
2271 2321 868 868
2272 2322 661 661
2273 2323 52 52
2274 2324 456 456
2275 2325 505 505
2276 2326 792 792
2277 2327 647 647
2278 2328 188 188
2279 2329 348 348
2280 2330 412 412
2281 2331 329 329
2282 2332 959 959
2283 2333 647 647
2284 2334 1061109567 816
2285 2335 591 591
2286 2336 761 761
2287 2337 621 621
2288 2338 430 430
2289 2339 244 244
2290 2340 1061109567 834
2291 2341 1061109567 705
2292 2342 342 342
2293 2343 465 465
2294 2344 103 103
2295 2345 982 982
2296 2346 431 431
2297 2347 1061109567 507
2298 2348 1061109567 973
2299 2349 521 521
2300 2350 1061109567 19
2301 2351 360 360
2302 2352 278 278
2303 2353 365 365
2304 2354 276 276
2305 2355 1061109567 545
2306 2356 310 310
2307 2357 1061109567 386
2308 2358 670 670
2309 2359 244 244
2310 2360 845 845
2311 2361 621 621
2312 2362 102 102
2313 2363 849 849
2314 2364 1061109567 243
2315 2365 155 155
2316 2366 790 790
2317 2367 574 574
2318 2368 1061109567 872
2319 2369 1061109567 298
2320 2370 591 591
2321 2371 1061109567 649
2322 2372 655 655
2323 2373 1061109567 685
2324 2374 174 174
2325 2375 336 336
2326 2376 574 574
2327 2377 628 628
2328 2378 655 655
2329 2379 820 820
2330 2380 259 259
2331 2381 564 564
2332 2382 1061109567 796
2333 2383 350 350
2334 2384 1061109567 518
2335 2385 649 649
2336 2386 1061109567 623
2337 2387 500 500
2338 2388 265 265
2339 2389 1061109567 720
2340 2390 1061109567 101
2341 2391 1061109567 710
2342 2392 661 661
2343 2393 1061109567 786
2344 2394 1061109567 707
2345 2395 913 913
2346 2396 456 456
2347 2397 1061109567 331
2348 2398 120 120
2349 2399 1061109567 681
2350 2400 1061109567 495
2351 2401 232 232
2352 2402 426 426
2353 2403 764 764
2354 2404 551 551
2355 2405 1061109567 896
2356 2406 678 678
2357 2407 866 866
2358 2408 889 889
2359 2409 1061109567 676
2360 2410 450 450
2361 2411 491 491
2362 2412 1061109567 3
2363 2413 656 656
2364 2414 909 909
2365 2415 186 186
2366 2416 972 972
2367 2417 1061109567 429
2368 2418 795 795
2369 2419 70 70
2370 2420 962 962
2371 2421 243 243
2372 2422 1061109567 739
2373 2423 760 760
2374 2424 61 61
2375 2425 877 877
2376 2426 464 464
2377 2427 22 22
2378 2428 1061109567 622
2379 2429 980 980
2380 2430 902 902
2381 2431 430 430
2382 2432 655 655
2383 2433 1061109567 684
2384 2434 646 646
2385 2435 588 588
2386 2436 1061109567 716
2387 2437 739 739
2388 2438 1061109567 410
2389 2439 572 572
2390 2440 115 115
2391 2441 309 309
2392 2442 563 563
2393 2443 465 465
2394 2444 464 464
2395 2445 912 912
2396 2446 803 803
2397 2447 771 771
2398 2448 970 970
2399 2449 373 373
2400 2450 34 34
2401 2451 1061109567 6
2402 2452 938 938
2403 2453 294 294
2404 2454 1061109567 938
2405 2455 403 403
2406 2456 1061109567 575
2407 2457 299 299
2408 2458 91 91
2409 2459 292 292
2410 2460 479 479
2411 2461 554 554
2412 2462 921 921
2413 2463 307 307
2414 2464 1061109567 182
2415 2465 44 44
2416 2466 75 75
2417 2467 789 789
2418 2468 434 434
2419 2469 1061109567 201
2420 2470 847 847
2421 2471 7 7
2422 2472 167 167
2423 2473 480 480
2424 2474 609 609
2425 2475 318 318
2426 2476 759 759
2427 2477 491 491
2428 2478 798 798
2429 2479 221 221
2430 2480 1061109567 963
2431 2481 1061109567 989
2432 2482 199 199
2433 2483 309 309
2434 2484 251 251
2435 2485 114 114
2436 2486 111 111
2437 2487 74 74
2438 2488 1061109567 9
2439 2489 948 948
2440 2490 591 591
2441 2491 723 723
2442 2492 349 349
2443 2493 25 25
2444 2494 1061109567 743
2445 2495 571 571
2446 2496 109 109
2447 2497 27 27
2448 2498 163 163
2449 2499 716 716
2450 2500 1061109567 755
1 2 1061109567 28
51 52 665 665
101 102 1061109567 838
151 152 570 570
201 202 383 383
251 252 409 409
301 302 255 255
351 352 485 485
401 402 1061109567 627
451 452 563 563
501 502 1061109567 504
551 552 1061109567 722
601 602 1061109567 53
651 652 457 457
701 702 1061109567 705
751 752 346 346
801 802 616 616
851 852 90 90
901 902 1061109567 539
951 952 1061109567 546
1001 1002 240 240
1051 1052 388 388
1101 1102 1061109567 360
1151 1152 840 840
1201 1202 954 954
1251 1252 770 770
1301 1302 105 105
1351 1352 700 700
1401 1402 480 480
1451 1452 1061109567 2
1501 1502 1061109567 488
1551 1552 484 484
1601 1602 1061109567 267
1651 1652 617 617
1701 1702 1061109567 307
1751 1752 1061109567 365
1801 1802 831 831
1851 1852 755 755
1901 1902 1061109567 301
1951 1952 134 134
2001 2002 1061109567 879
2051 2052 635 635
2101 2102 1061109567 124
2151 2152 1061109567 438
2201 2202 336 336
2251 2252 1061109567 69
2301 2302 1061109567 549
2351 2352 864 864
2401 2402 269 269
2451 2452 514 514
2 3 1061109567 57
52 53 241 241
102 103 1061109567 619
152 153 1061109567 297
202 203 1061109567 412
252 253 581 581
302 303 1061109567 968
352 353 1061109567 177
402 403 300 300
452 453 514 514
502 503 321 321
552 553 502 502
602 603 489 489
652 653 977 977
702 703 463 463
752 753 216 216
802 803 1061109567 132
852 853 832 832
902 903 864 864
952 953 1061109567 844
1002 1003 880 880
1052 1053 596 596
1102 1103 60 60
1152 1153 1061109567 433
1202 1203 20 20
1252 1253 705 705
1302 1303 834 834
1352 1353 862 862
1402 1403 934 934
1452 1453 756 756
1502 1503 43 43
1552 1553 233 233
1602 1603 549 549
1652 1653 1061109567 250
1702 1703 276 276
1752 1753 1061109567 448
1802 1803 1061109567 924
1852 1853 551 551
1902 1903 839 839
1952 1953 360 360
2002 2003 837 837
2052 2053 195 195
2102 2103 1061109567 667
2152 2153 999 999
2202 2203 758 758
2252 2253 919 919
2302 2303 1061109567 263
2352 2353 477 477
2402 2403 602 602
2452 2453 604 604
3 4 638 638
53 54 720 720
103 104 168 168
153 154 474 474
203 204 1061109567 443
253 254 827 827
303 304 594 594
353 354 900 900
403 404 496 496
453 454 1061109567 556
503 504 212 212
553 554 602 602
603 604 1061109567 98
653 654 327 327
703 704 369 369
753 754 880 880
803 804 1061109567 179
853 854 491 491
903 904 680 680
953 954 1061109567 791
1003 1004 87 87
1053 1054 397 397
1103 1104 320 320
1153 1154 1061109567 946
1203 1204 453 453
1253 1254 636 636
1303 1304 1061109567 83
1353 1354 1061109567 42
1403 1404 1061109567 993
1453 1454 128 128
1503 1504 746 746
1553 1554 1061109567 700
1603 1604 204 204
1653 1654 184 184
1703 1704 1061109567 936
1753 1754 776 776
1803 1804 334 334
1853 1854 70 70
1903 1904 908 908
1953 1954 1061109567 705
2003 2004 83 83
2053 2054 571 571
2103 2104 114 114
2153 2154 1061109567 524
2203 2204 1061109567 561
2253 2254 1061109567 305
2303 2304 1061109567 542
2353 2354 1061109567 210
2403 2404 312 312
2453 2454 991 991
4 5 909 909
54 55 1061109567 335
104 105 209 209
154 155 159 159
204 205 17 17
254 255 737 737
304 305 679 679
354 355 843 843
404 405 1061109567 617
454 455 1061109567 144
504 505 1061109567 125
554 555 649 649
604 605 1000 1000
654 655 727 727
704 705 1061109567 793
754 755 1061109567 723
804 805 908 908
854 855 1061109567 532
904 905 609 609
954 955 289 289
1004 1005 1061109567 883
1054 1055 1061109567 316
1104 1105 577 577
1154 1155 609 609
1204 1205 1061109567 181
1254 1255 242 242
1304 1305 747 747
1354 1355 186 186
1404 1405 1061109567 744
1454 1455 1061109567 161
1504 1505 1061109567 816
1554 1555 983 983
1604 1605 41 41
1654 1655 676 676
1704 1705 1061109567 679
1754 1755 1061109567 457
1804 1805 527 527
1854 1855 760 760
1904 1905 91 91
1954 1955 562 562
2004 2005 227 227
2054 2055 939 939
2104 2105 1061109567 22
2154 2155 486 486
2204 2205 222 222
2254 2255 395 395
2304 2305 548 548
2354 2355 289 289
2404 2405 579 579
2454 2455 1061109567 599
5 6 1061109567 220
55 56 552 552
105 106 543 543
155 156 964 964
205 206 1061109567 876
255 256 237 237
305 306 1061109567 794
355 356 417 417
405 406 936 936
455 456 934 934
505 506 612 612
555 556 838 838
605 606 1061109567 253
655 656 1061109567 62
705 706 685 685
755 756 96 96
805 806 165 165
855 856 514 514
905 906 313 313
955 956 129 129
1005 1006 420 420
1055 1056 893 893
1105 1106 781 781
1155 1156 1061109567 781
1205 1206 608 608
1255 1256 168 168
1305 1306 1061109567 964
1355 1356 1061109567 85
1405 1406 738 738
1455 1456 788 788
1505 1506 1061109567 32
1555 1556 150 150
1605 1606 1061109567 765
1655 1656 67 67
1705 1706 357 357
1755 1756 1061109567 870
1805 1806 606 606
1855 1856 1061109567 895
1905 1906 794 794
1955 1956 528 528
2005 2006 122 122
2055 2056 952 952
2105 2106 1061109567 784
2155 2156 547 547
2205 2206 1061109567 993
2255 2256 989 989
2305 2306 592 592
2355 2356 1061109567 563
2405 2406 1061109567 14
2455 2456 625 625
6 7 1061109567 460
56 57 500 500
106 107 262 262
156 157 468 468
206 207 46 46
256 257 316 316
306 307 372 372
356 357 1061109567 360
406 407 374 374
456 457 252 252
506 507 998 998
556 557 1061109567 18
606 607 1061109567 794
656 657 1061109567 254
706 707 247 247
756 757 512 512
806 807 782 782
856 857 791 791
906 907 781 781
956 957 38 38
1006 1007 381 381
1056 1057 1061109567 236
1106 1107 399 399
1156 1157 650 650
1206 1207 448 448
1256 1257 354 354
1306 1307 995 995
1356 1357 1061109567 505
1406 1407 545 545
1456 1457 890 890
1506 1507 538 538
1556 1557 1061109567 679
1606 1607 654 654
1656 1657 978 978
1706 1707 730 730
1756 1757 598 598
1806 1807 1061109567 179
1856 1857 183 183
1906 1907 1061109567 850
1956 1957 853 853
2006 2007 307 307
2056 2057 363 363
2106 2107 1061109567 800
2156 2157 375 375
2206 2207 751 751
2256 2257 185 185
2306 2307 876 876
2356 2357 1061109567 507
2406 2407 985 985
2456 2457 1061109567 834
7 8 459 459
57 58 753 753
107 108 316 316
157 158 992 992
207 208 1061109567 205
257 258 295 295
307 308 1061109567 742
357 358 43 43
407 408 522 522
457 458 1 1
507 508 522 522
557 558 1061109567 570
607 608 811 811
657 658 1061109567 854
707 708 442 442
757 758 929 929
807 808 729 729
857 858 1061109567 567
907 908 1061109567 633
957 958 525 525
1007 1008 1061109567 664
1057 1058 753 753
1107 1108 170 170
1157 1158 86 86
1207 1208 299 299
1257 1258 1061109567 799
1307 1308 577 577
1357 1358 1061109567 848
1407 1408 205 205
1457 1458 523 523
1507 1508 835 835
1557 1558 542 542
1607 1608 644 644
1657 1658 245 245
1707 1708 931 931
1757 1758 683 683
1807 1808 276 276
1857 1858 232 232
1907 1908 275 275
1957 1958 413 413
2007 2008 425 425
2057 2058 339 339
2107 2108 919 919
2157 2158 893 893
2207 2208 472 472
2257 2258 897 897
2307 2308 174 174
2357 2358 1061109567 126
2407 2408 799 799
2457 2458 1061109567 123
8 9 237 237
58 59 1061109567 103
108 109 885 885
158 159 862 862
208 209 1061109567 573
258 259 1061109567 593
308 309 259 259
358 359 1061109567 37
408 409 152 152
458 459 471 471
508 509 1061109567 921
558 559 231 231
608 609 707 707
658 659 328 328
708 709 530 530
758 759 1061109567 508
808 809 1061109567 910
858 859 88 88
908 909 574 574
958 959 254 254
1008 1009 861 861
1058 1059 390 390
1108 1109 555 555
1158 1159 1061109567 157
1208 1209 1061109567 56
1258 1259 1061109567 625
1308 1309 1061109567 174
1358 1359 1061109567 745
1408 1409 1061109567 500
1458 1459 1061109567 163
1508 1509 690 690
1558 1559 24 24
1608 1609 636 636
1658 1659 336 336
1708 1709 1061109567 379
1758 1759 1061109567 487
1808 1809 918 918
1858 1859 1061109567 550
1908 1909 353 353
1958 1959 873 873
2008 2009 233 233
2058 2059 953 953
2108 2109 444 444
2158 2159 731 731
2208 2209 705 705
2258 2259 304 304
2308 2309 1061109567 711
2358 2359 619 619
2408 2409 401 401
2458 2459 1061109567 891
9 10 336 336
59 60 1061109567 471
109 110 1061109567 77
159 160 236 236
209 210 964 964
259 260 263 263
309 310 421 421
359 360 451 451
409 410 961 961
459 460 132 132
509 510 1061109567 178
559 560 401 401
609 610 86 86
659 660 936 936
709 710 1061109567 568
759 760 1061109567 867
809 810 364 364
859 860 976 976
909 910 204 204
959 960 702 702
1009 1010 1061109567 237
1059 1060 813 813
1109 1110 256 256
1159 1160 919 919
1209 1210 361 361
1259 1260 810 810
1309 1310 609 609
1359 1360 1061109567 436
1409 1410 698 698
1459 1460 1061109567 433
1509 1510 163 163
1559 1560 1061109567 659
1609 1610 352 352
1659 1660 843 843
1709 1710 1061109567 435
1759 1760 838 838
1809 1810 1061109567 594
1859 1860 1061109567 628
1909 1910 1061109567 51
1959 1960 669 669
2009 2010 729 729
2059 2060 755 755
2109 2110 245 245
2159 2160 785 785
2209 2210 115 115
2259 2260 998 998
2309 2310 1061109567 879
2359 2360 85 85
2409 2410 260 260
2459 2460 1061109567 607
10 11 626 626
60 61 1061109567 599
110 111 631 631
160 161 928 928
210 211 492 492
260 261 1061109567 547
310 311 948 948
360 361 1061109567 332
410 411 300 300
460 461 1061109567 771
510 511 1061109567 92
560 561 257 257
610 611 425 425
660 661 643 643
710 711 953 953
760 761 605 605
810 811 548 548
860 861 90 90
910 911 1061109567 597
960 961 1000 1000
1010 1011 1061109567 103
1060 1061 1061109567 866
1110 1111 710 710
1160 1161 468 468
1210 1211 981 981
1260 1261 989 989
1310 1311 456 456
1360 1361 553 553
1410 1411 1061109567 840
1460 1461 748 748
1510 1511 1061109567 886
1560 1561 168 168
1610 1611 29 29
1660 1661 1061109567 880
1710 1711 181 181
1760 1761 1061109567 750
1810 1811 986 986
1860 1861 473 473
1910 1911 802 802
1960 1961 933 933
2010 2011 369 369
2060 2061 778 778
2110 2111 1061109567 463
2160 2161 1061109567 824
2210 2211 556 556
2260 2261 1061109567 103
2310 2311 263 263
2360 2361 556 556
2410 2411 897 897
2460 2461 1061109567 808
11 12 232 232
61 62 954 954
111 112 727 727
161 162 456 456
211 212 540 540
261 262 942 942
311 312 965 965
361 362 447 447
411 412 897 897
461 462 107 107
511 512 524 524
561 562 1061109567 4
611 612 570 570
661 662 925 925
711 712 1061109567 703
761 762 54 54
811 812 945 945
861 862 135 135
911 912 1061109567 397
961 962 519 519
1011 1012 1061109567 151
1061 1062 223 223
1111 1112 1061109567 988
1161 1162 118 118
1211 1212 207 207
1261 1262 516 516
1311 1312 1061109567 675
1361 1362 652 652
1411 1412 776 776
1461 1462 880 880
1511 1512 474 474
1561 1562 626 626
1611 1612 1061109567 278
1661 1662 1061109567 216
1711 1712 1061109567 329
1761 1762 1061109567 105
1811 1812 314 314
1861 1862 669 669
1911 1912 821 821
1961 1962 63 63
2011 2012 565 565
2061 2062 102 102
2111 2112 997 997
2161 2162 130 130
2211 2212 1061109567 481
2261 2262 453 453
2311 2312 666 666
2361 2362 117 117
2411 2412 832 832
2461 2462 362 362
12 13 1061109567 271
62 63 826 826
112 113 476 476
162 163 477 477
212 213 1061109567 816
262 263 582 582
312 313 1061109567 915
362 363 412 412
412 413 1061109567 878
462 463 233 233
512 513 1061109567 340
562 563 360 360
612 613 96 96
662 663 431 431
712 713 763 763
762 763 64 64
812 813 889 889
862 863 676 676
912 913 104 104
962 963 1061109567 706
1012 1013 639 639
1062 1063 1061109567 425
1112 1113 904 904
1162 1163 759 759
1212 1213 1061109567 148
1262 1263 1061109567 858
1312 1313 470 470
1362 1363 907 907
1412 1413 665 665
1462 1463 1061109567 372
1512 1513 944 944
1562 1563 935 935
1612 1613 825 825
1662 1663 450 450
1712 1713 1061109567 367
1762 1763 347 347
1812 1813 484 484
1862 1863 1061109567 600
1912 1913 1061109567 52
1962 1963 989 989
2012 2013 550 550
2062 2063 1061109567 621
2112 2113 465 465
2162 2163 1061109567 935
2212 2213 613 613
2262 2263 983 983
2312 2313 713 713
2362 2363 410 410
2412 2413 644 644
2462 2463 1061109567 964
13 14 148 148
63 64 1061109567 209
113 114 902 902
163 164 39 39
213 214 734 734
263 264 1061109567 200
313 314 1061109567 591
363 364 1061109567 795
413 414 993 993
463 464 591 591
513 514 312 312
563 564 772 772
613 614 1061109567 484
663 664 1061109567 565
713 714 1061109567 474
763 764 1061109567 271
813 814 1061109567 12
863 864 1061109567 683
913 914 1061109567 679
963 964 128 128
1013 1014 1061109567 345
1063 1064 1061109567 420
1113 1114 771 771
1163 1164 772 772
1213 1214 1061109567 110
1263 1264 343 343
1313 1314 1061109567 725
1363 1364 760 760
1413 1414 192 192
1463 1464 685 685
1513 1514 1061109567 756
1563 1564 50 50
1613 1614 1061109567 414
1663 1664 130 130
1713 1714 930 930
1763 1764 1061109567 26
1813 1814 796 796
1863 1864 748 748
1913 1914 1061109567 776
1963 1964 1061109567 211
2013 2014 788 788
2063 2064 289 289
2113 2114 1061109567 361
2163 2164 1061109567 379
2213 2214 1061109567 124
2263 2264 1061109567 928
2313 2314 1061109567 203
2363 2364 1061109567 909
2413 2414 106 106
2463 2464 378 378
14 15 884 884
64 65 710 710
114 115 951 951
164 165 1061109567 624
214 215 598 598
264 265 1061109567 587
314 315 1061109567 145
364 365 1061109567 271
414 415 970 970
464 465 1061109567 426
514 515 1061109567 955
564 565 1061109567 687
614 615 106 106
664 665 782 782
714 715 672 672
764 765 1061109567 546
814 815 293 293
864 865 511 511
914 915 788 788
964 965 490 490
1014 1015 296 296
1064 1065 883 883
1114 1115 643 643
1164 1165 1061109567 114
1214 1215 1061109567 550
1264 1265 978 978
1314 1315 1061109567 828
1364 1365 636 636
1414 1415 1061109567 534
1464 1465 319 319
1514 1515 1061109567 222
1564 1565 69 69
1614 1615 25 25
1664 1665 385 385
1714 1715 1061109567 291
1764 1765 399 399
1814 1815 1061109567 677
1864 1865 932 932
1914 1915 1061109567 692
1964 1965 995 995
2014 2015 18 18
2064 2065 994 994
2114 2115 1061109567 771
2164 2165 743 743
2214 2215 708 708
2264 2265 1061109567 943
2314 2315 1061109567 123
2364 2365 716 716
2414 2415 1061109567 801
2464 2465 695 695
15 16 446 446
65 66 535 535
115 116 109 109
165 166 483 483
215 216 1061109567 827
265 266 589 589
315 316 515 515
365 366 772 772
415 416 366 366
465 466 331 331
515 516 701 701
565 566 1061109567 396
615 616 1061109567 930
665 666 368 368
715 716 919 919
765 766 1061109567 197
815 816 1061109567 904
865 866 612 612
915 916 12 12
965 966 705 705
1015 1016 1061109567 383
1065 1066 91 91
1115 1116 245 245
1165 1166 640 640
1215 1216 941 941
1265 1266 1061109567 753
1315 1316 1061109567 982
1365 1366 756 756
1415 1416 982 982
1465 1466 314 314
1515 1516 1061109567 594
1565 1566 244 244
1615 1616 107 107
1665 1666 689 689
1715 1716 1061109567 119
1765 1766 907 907
1815 1816 1061109567 681
1865 1866 710 710
1915 1916 540 540
1965 1966 775 775
2015 2016 812 812
2065 2066 228 228
2115 2116 370 370
2165 2166 565 565
2215 2216 428 428
2265 2266 208 208
2315 2316 1061109567 324
2365 2366 679 679
2415 2416 689 689
2465 2466 584 584
16 17 492 492
66 67 284 284
116 117 200 200
166 167 280 280
216 217 525 525
266 267 1061109567 65
316 317 146 146
366 367 571 571
416 417 1061109567 171
466 467 1061109567 137
516 517 300 300
566 567 610 610
616 617 246 246
666 667 1061109567 182
716 717 795 795
766 767 452 452
816 817 53 53
866 867 1061109567 320
916 917 239 239
966 967 73 73
1016 1017 1061109567 352
1066 1067 1061109567 58
1116 1117 333 333
1166 1167 1061109567 222
1216 1217 1061109567 494
1266 1267 1061109567 556
1316 1317 885 885
1366 1367 1061109567 198
1416 1417 608 608
1466 1467 1061109567 35
1516 1517 537 537
1566 1567 578 578
1616 1617 1061109567 408
1666 1667 275 275
1716 1717 404 404
1766 1767 1061109567 988
1816 1817 1061109567 180
1866 1867 229 229
1916 1917 382 382
1966 1967 1000 1000
2016 2017 777 777
2066 2067 608 608
2116 2117 925 925
2166 2167 50 50
2216 2217 1061109567 489
2266 2267 1061109567 516
2316 2317 466 466
2366 2367 991 991
2416 2417 934 934
2466 2467 90 90
17 18 187 187
67 68 857 857
117 118 773 773
167 168 1061109567 468
217 218 296 296
267 268 3 3
317 318 591 591
367 368 950 950
417 418 186 186
467 468 168 168
517 518 722 722
567 568 1061109567 410
617 618 362 362
667 668 1061109567 568
717 718 1061109567 163
767 768 1061109567 311
817 818 144 144
867 868 480 480
917 918 371 371
967 968 682 682
1017 1018 719 719
1067 1068 249 249
1117 1118 1061109567 765
1167 1168 1061109567 110
1217 1218 316 316
1267 1268 855 855
1317 1318 1061109567 404
1367 1368 726 726
1417 1418 1061109567 59
1467 1468 434 434
1517 1518 927 927
1567 1568 112 112
1617 1618 126 126
1667 1668 289 289
1717 1718 756 756
1767 1768 157 157
1817 1818 841 841
1867 1868 1061109567 523
1917 1918 1061109567 620
1967 1968 1061109567 543
2017 2018 1061109567 993
2067 2068 402 402
2117 2118 747 747
2167 2168 1061109567 170
2217 2218 1061109567 315
2267 2268 25 25
2317 2318 667 667
2367 2368 1061109567 527
2417 2418 1061109567 669
2467 2468 984 984
18 19 706 706
68 69 1061109567 803
118 119 385 385
168 169 1061109567 314
218 219 1061109567 169
268 269 910 910
318 319 706 706
368 369 257 257
418 419 1061109567 579
468 469 695 695
518 519 1061109567 308
568 569 1061109567 863
618 619 1061109567 533
668 669 879 879
718 719 833 833
768 769 1061109567 918
818 819 487 487
868 869 445 445
918 919 313 313
968 969 654 654
1018 1019 426 426
1068 1069 1061109567 652
1118 1119 935 935
1168 1169 1061109567 76
1218 1219 386 386
1268 1269 955 955
1318 1319 1061109567 360
1368 1369 666 666
1418 1419 551 551
1468 1469 254 254
1518 1519 548 548
1568 1569 744 744
1618 1619 675 675
1668 1669 600 600
1718 1719 324 324
1768 1769 970 970
1818 1819 984 984
1868 1869 654 654
1918 1919 418 418
1968 1969 1061109567 178
2018 2019 478 478
2068 2069 1061109567 503
2118 2119 852 852
2168 2169 83 83
2218 2219 601 601
2268 2269 1061109567 709
2318 2319 162 162
2368 2369 342 342
2418 2419 291 291
2468 2469 293 293
19 20 770 770
69 70 466 466
119 120 258 258
169 170 94 94
219 220 12 12
269 270 1061109567 183
319 320 1061109567 250
369 370 827 827
419 420 207 207
469 470 911 911
519 520 1061109567 235
569 570 1061109567 196
619 620 712 712
669 670 539 539
719 720 1061109567 649
769 770 1061109567 244
819 820 959 959
869 870 1061109567 83
919 920 931 931
969 970 598 598
1019 1020 1061109567 781
1069 1070 1061109567 280
1119 1120 1061109567 263
1169 1170 507 507
1219 1220 162 162
1269 1270 752 752
1319 1320 1061109567 972
1369 1370 737 737
1419 1420 700 700
1469 1470 570 570
1519 1520 1061109567 875
1569 1570 217 217
1619 1620 836 836
1669 1670 687 687
1719 1720 765 765
1769 1770 622 622
1819 1820 1061109567 792
1869 1870 1061109567 304
1919 1920 780 780
1969 1970 44 44
2019 2020 1061109567 656
2069 2070 717 717
2119 2120 1061109567 677
2169 2170 95 95
2219 2220 1061109567 60
2269 2270 1061109567 910
2319 2320 1061109567 173
2369 2370 626 626
2419 2420 243 243
2469 2470 1061109567 944
20 21 433 433
70 71 902 902
120 121 81 81
170 171 324 324
220 221 456 456
270 271 167 167
320 321 1061109567 390
370 371 24 24
420 421 485 485
470 471 399 399
520 521 1061109567 488
570 571 351 351
620 621 112 112
670 671 650 650
720 721 1061109567 596
770 771 170 170
820 821 694 694
870 871 1061109567 647
920 921 1061109567 240
970 971 1061109567 557
1020 1021 1061109567 724
1070 1071 1061109567 674
1120 1121 246 246
1170 1171 2 2
1220 1221 916 916
1270 1271 465 465
1320 1321 1061109567 391
1370 1371 403 403
1420 1421 883 883
1470 1471 1061109567 857
1520 1521 998 998
1570 1571 504 504
1620 1621 1061109567 205
1670 1671 1061109567 702
1720 1721 372 372
1770 1771 1061109567 215
1820 1821 93 93
1870 1871 1061109567 290
1920 1921 323 323
1970 1971 419 419
2020 2021 674 674
2070 2071 1061109567 480
2120 2121 307 307
2170 2171 341 341
2220 2221 418 418
2270 2271 253 253
2320 2321 317 317
2370 2371 801 801
2420 2421 598 598
2470 2471 595 595
21 22 1061109567 699
71 72 71 71
121 122 914 914
171 172 174 174
221 222 1061109567 127
271 272 1061109567 395
321 322 82 82
371 372 1061109567 636
421 422 1061109567 127
471 472 1061109567 215
521 522 411 411
571 572 835 835
621 622 557 557
671 672 1061109567 43
721 722 167 167
771 772 1061109567 102
821 822 599 599
871 872 407 407
921 922 51 51
971 972 665 665
1021 1022 928 928
1071 1072 219 219
1121 1122 567 567
1171 1172 1061109567 661
1221 1222 226 226
1271 1272 837 837
1321 1322 633 633
1371 1372 502 502
1421 1422 1061109567 375
1471 1472 918 918
1521 1522 1061109567 488
1571 1572 1061109567 918
1621 1622 1061109567 765
1671 1672 520 520
1721 1722 800 800
1771 1772 1061109567 983
1821 1822 815 815
1871 1872 197 197
1921 1922 380 380
1971 1972 1061109567 807
2021 2022 714 714
2071 2072 366 366
2121 2122 822 822
2171 2172 1061109567 377
2221 2222 1061109567 338
2271 2272 599 599
2321 2322 934 934
2371 2372 1061109567 768
2421 2422 536 536
2471 2472 1061109567 304
22 23 399 399
72 73 938 938
122 123 1061109567 374
172 173 96 96
222 223 929 929
272 273 1061109567 150
322 323 681 681
372 373 169 169
422 423 490 490
472 473 521 521
522 523 738 738
572 573 249 249
622 623 622 622
672 673 1061109567 994
722 723 325 325
772 773 155 155
822 823 886 886
872 873 567 567
922 923 1061109567 575
972 973 77 77
1022 1023 1061109567 52
1072 1073 170 170
1122 1123 209 209
1172 1173 37 37
1222 1223 1061109567 862
1272 1273 54 54
1322 1323 377 377
1372 1373 1061109567 407
1422 1423 1061109567 836
1472 1473 323 323
1522 1523 816 816
1572 1573 589 589
1622 1623 668 668
1672 1673 1061109567 726
1722 1723 510 510
1772 1773 36 36
1822 1823 734 734
1872 1873 2 2
1922 1923 752 752
1972 1973 176 176
2022 2023 1061109567 156
2072 2073 591 591
2122 2123 197 197
2172 2173 1061109567 356
2222 2223 453 453
2272 2273 1061109567 296
2322 2323 158 158
2372 2373 94 94
2422 2423 435 435
2472 2473 878 878
23 24 1061109567 482
73 74 861 861
123 124 293 293
173 174 548 548
223 224 1061109567 839
273 274 908 908
323 324 908 908
373 374 1061109567 408
423 424 897 897
473 474 518 518
523 524 144 144
573 574 4 4
623 624 1061109567 995
673 674 98 98
723 724 1061109567 569
773 774 610 610
823 824 333 333
873 874 1061109567 697
923 924 205 205
973 974 1061109567 682
1023 1024 624 624
1073 1074 466 466
1123 1124 852 852
1173 1174 635 635
1223 1224 338 338
1273 1274 1061109567 735
1323 1324 668 668
1373 1374 993 993
1423 1424 487 487
1473 1474 726 726
1523 1524 303 303
1573 1574 928 928
1623 1624 1061109567 342
1673 1674 56 56
1723 1724 392 392
1773 1774 1061109567 510
1823 1824 91 91
1873 1874 1061109567 915
1923 1924 615 615
1973 1974 106 106
2023 2024 1061109567 846
2073 2074 287 287
2123 2124 798 798
2173 2174 1061109567 839
2223 2224 1061109567 498
2273 2274 584 584
2323 2324 738 738
2373 2374 1061109567 869
2423 2424 1061109567 399
2473 2474 16 16
24 25 966 966
74 75 757 757
124 125 224 224
174 175 1061109567 179
224 225 911 911
274 275 198 198
324 325 71 71
374 375 1061109567 928
424 425 283 283
474 475 615 615
524 525 71 71
574 575 379 379
624 625 1061109567 224
674 675 81 81
724 725 14 14
774 775 560 560
824 825 1061109567 671
874 875 658 658
924 925 1061109567 470
974 975 662 662
1024 1025 295 295
1074 1075 1061109567 111
1124 1125 279 279
1174 1175 1061109567 356
1224 1225 487 487
1274 1275 1061109567 910
1324 1325 447 447
1374 1375 1061109567 297
1424 1425 296 296
1474 1475 953 953
1524 1525 646 646
1574 1575 37 37
1624 1625 453 453
1674 1675 915 915
1724 1725 545 545
1774 1775 305 305
1824 1825 523 523
1874 1875 626 626
1924 1925 909 909
1974 1975 1061109567 221
2024 2025 428 428
2074 2075 703 703
2124 2125 1061109567 705
2174 2175 53 53
2224 2225 1061109567 270
2274 2275 1061109567 837
2324 2325 596 596
2374 2375 1061109567 104
2424 2425 624 624
2474 2475 538 538
25 26 941 941
75 76 1061109567 977
125 126 928 928
175 176 151 151
225 226 400 400
275 276 520 520
325 326 965 965
375 376 934 934
425 426 147 147
475 476 404 404
525 526 1061109567 553
575 576 815 815
625 626 1061109567 38
675 676 1061109567 327
725 726 922 922
775 776 1061109567 895
825 826 44 44
875 876 635 635
925 926 692 692
975 976 1061109567 634
1025 1026 1061109567 895
1075 1076 241 241
1125 1126 1061109567 306
1175 1176 1061109567 362
1225 1226 1061109567 559
1275 1276 539 539
1325 1326 372 372
1375 1376 423 423
1425 1426 27 27
1475 1476 174 174
1525 1526 5 5
1575 1576 821 821
1625 1626 70 70
1675 1676 1061109567 192
1725 1726 779 779
1775 1776 1061109567 390
1825 1826 810 810
1875 1876 461 461
1925 1926 62 62
1975 1976 1061109567 226
2025 2026 101 101
2075 2076 1061109567 685
2125 2126 719 719
2175 2176 31 31
2225 2226 1061109567 703
2275 2276 809 809
2325 2326 1061109567 7
2375 2376 1061109567 562
2425 2426 329 329
2475 2476 872 872
26 27 1061109567 256
76 77 1061109567 950
126 127 1061109567 870
176 177 972 972
226 227 826 826
276 277 1061109567 890
326 327 1061109567 577
376 377 499 499
426 427 723 723
476 477 1061109567 556
526 527 1061109567 254
576 577 462 462
626 627 488 488
676 677 1061109567 309
726 727 962 962
776 777 444 444
826 827 640 640
876 877 1061109567 576
926 927 1061109567 667
976 977 570 570
1026 1027 169 169
1076 1077 866 866
1126 1127 192 192
1176 1177 338 338
1226 1227 584 584
1276 1277 1061109567 421
1326 1327 763 763
1376 1377 675 675
1426 1427 1061109567 862
1476 1477 22 22
1526 1527 929 929
1576 1577 354 354
1626 1627 816 816
1676 1677 1061109567 845
1726 1727 960 960
1776 1777 1061109567 796
1826 1827 1061109567 730
1876 1877 1061109567 278
1926 1927 586 586
1976 1977 1061109567 627
2026 2027 759 759
2076 2077 502 502
2126 2127 249 249
2176 2177 627 627
2226 2227 1061109567 493
2276 2277 1061109567 444
2326 2327 80 80
2376 2377 1061109567 985
2426 2427 1061109567 633
2476 2477 820 820
27 28 290 290
77 78 678 678
127 128 339 339
177 178 84 84
227 228 86 86
277 278 504 504
327 328 1061109567 217
377 378 1061109567 188
427 428 1061109567 317
477 478 754 754
527 528 1061109567 811
577 578 943 943
627 628 1061109567 721
677 678 1061109567 622
727 728 742 742
777 778 1061109567 141
827 828 573 573
877 878 106 106
927 928 1061109567 696
977 978 1061109567 676
1027 1028 853 853
1077 1078 1061109567 948
1127 1128 314 314
1177 1178 239 239
1227 1228 1061109567 413
1277 1278 42 42
1327 1328 67 67
1377 1378 141 141
1427 1428 1061109567 156
1477 1478 468 468
1527 1528 1061109567 118
1577 1578 1061109567 87
1627 1628 126 126
1677 1678 1061109567 650
1727 1728 83 83
1777 1778 730 730
1827 1828 333 333
1877 1878 1061109567 77
1927 1928 703 703
1977 1978 1061109567 413
2027 2028 1061109567 420
2077 2078 879 879
2127 2128 931 931
2177 2178 1061109567 733
2227 2228 238 238
2277 2278 402 402
2327 2328 1061109567 48
2377 2378 214 214
2427 2428 1061109567 961
2477 2478 1061109567 871
28 29 100 100
78 79 532 532
128 129 1061109567 123
178 179 608 608
228 229 1061109567 263
278 279 1061109567 908
328 329 1061109567 515
378 379 44 44
428 429 226 226
478 479 883 883
528 529 745 745
578 579 1061109567 643
628 629 313 313
678 679 94 94
728 729 31 31
778 779 1061109567 970
828 829 1061109567 610
878 879 1061109567 97
928 929 431 431
978 979 516 516
1028 1029 88 88
1078 1079 787 787
1128 1129 1061109567 837
1178 1179 569 569
1228 1229 1061109567 554
1278 1279 1061109567 400
1328 1329 91 91
1378 1379 696 696
1428 1429 215 215
1478 1479 819 819
1528 1529 512 512
1578 1579 686 686
1628 1629 863 863
1678 1679 280 280
1728 1729 346 346
1778 1779 178 178
1828 1829 1061109567 496
1878 1879 879 879
1928 1929 73 73
1978 1979 486 486
2028 2029 844 844
2078 2079 489 489
2128 2129 846 846
2178 2179 456 456
2228 2229 1061109567 333
2278 2279 316 316
2328 2329 1061109567 869
2378 2379 919 919
2428 2429 131 131
2478 2479 1061109567 519
29 30 811 811
79 80 1061109567 468
129 130 875 875
179 180 302 302
229 230 1061109567 690
279 280 1061109567 890
329 330 672 672
379 380 1061109567 917
429 430 1061109567 281
479 480 1061109567 834
529 530 907 907
579 580 1061109567 351
629 630 840 840
679 680 1061109567 682
729 730 169 169
779 780 736 736
829 830 1061109567 754
879 880 485 485
929 930 36 36
979 980 1061109567 207
1029 1030 1061109567 368
1079 1080 409 409
1129 1130 714 714
1179 1180 76 76
1229 1230 246 246
1279 1280 218 218
1329 1330 1061109567 326
1379 1380 1061109567 160
1429 1430 1061109567 747
1479 1480 546 546
1529 1530 452 452
1579 1580 799 799
1629 1630 788 788
1679 1680 532 532
1729 1730 285 285
1779 1780 962 962
1829 1830 560 560
1879 1880 1061109567 616
1929 1930 944 944
1979 1980 1061109567 911
2029 2030 1061109567 81
2079 2080 1061109567 983
2129 2130 1061109567 230
2179 2180 242 242
2229 2230 1061109567 572
2279 2280 1061109567 822
2329 2330 1061109567 932
2379 2380 347 347
2429 2430 203 203
2479 2480 536 536
30 31 412 412
80 81 429 429
130 131 1061109567 343
180 181 245 245
230 231 1061109567 855
280 281 965 965
330 331 829 829
380 381 1061109567 311
430 431 220 220
480 481 894 894
530 531 297 297
580 581 1061109567 435
630 631 181 181
680 681 109 109
730 731 354 354
780 781 1061109567 500
830 831 558 558
880 881 877 877
930 931 967 967
980 981 476 476
1030 1031 1061109567 262
1080 1081 457 457
1130 1131 470 470
1180 1181 1061109567 806
1230 1231 1061109567 597
1280 1281 1061109567 839
1330 1331 375 375
1380 1381 517 517
1430 1431 81 81
1480 1481 300 300
1530 1531 710 710
1580 1581 780 780
1630 1631 1061109567 271
1680 1681 335 335
1730 1731 458 458
1780 1781 564 564
1830 1831 849 849
1880 1881 85 85
1930 1931 8 8
1980 1981 1061109567 498
2030 2031 268 268
2080 2081 1061109567 272
2130 2131 151 151
2180 2181 1061109567 871
2230 2231 925 925
2280 2281 930 930
2330 2331 456 456
2380 2381 1061109567 10
2430 2431 1061109567 878
2480 2481 252 252
31 32 5 5
81 82 371 371
131 132 92 92
181 182 428 428
231 232 1061109567 306
281 282 539 539
331 332 963 963
381 382 598 598
431 432 215 215
481 482 936 936
531 532 608 608
581 582 1061109567 962
631 632 180 180
681 682 69 69
731 732 624 624
781 782 872 872
831 832 1061109567 446
881 882 408 408
931 932 1061109567 451
981 982 925 925
1031 1032 1061109567 390
1081 1082 761 761
1131 1132 392 392
1181 1182 680 680
1231 1232 444 444
1281 1282 875 875
1331 1332 699 699
1381 1382 708 708
1431 1432 1061109567 114
1481 1482 387 387
1531 1532 145 145
1581 1582 637 637
1631 1632 21 21
1681 1682 1061109567 893
1731 1732 28 28
1781 1782 347 347
1831 1832 1061109567 800
1881 1882 696 696
1931 1932 163 163
1981 1982 261 261
2031 2032 1061109567 40
2081 2082 952 952
2131 2132 1061109567 97
2181 2182 861 861
2231 2232 360 360
2281 2282 989 989
2331 2332 761 761
2381 2382 905 905
2431 2432 813 813
2481 2482 423 423
32 33 464 464
82 83 1061109567 589
132 133 765 765
182 183 427 427
232 233 722 722
282 283 1061109567 989
332 333 229 229
382 383 722 722
432 433 1061109567 298
482 483 233 233
532 533 195 195
582 583 1061109567 487
632 633 320 320
682 683 653 653
732 733 594 594
782 783 1061109567 29
832 833 49 49
882 883 792 792
932 933 999 999
982 983 214 214
1032 1033 637 637
1082 1083 72 72
1132 1133 246 246
1182 1183 572 572
1232 1233 44 44
1282 1283 344 344
1332 1333 1061109567 443
1382 1383 901 901
1432 1433 432 432
1482 1483 165 165
1532 1533 901 901
1582 1583 748 748
1632 1633 38 38
1682 1683 139 139
1732 1733 948 948
1782 1783 413 413
1832 1833 1061109567 827
1882 1883 485 485
1932 1933 1061109567 821
1982 1983 1061109567 373
2032 2033 583 583
2082 2083 1061109567 2
2132 2133 487 487
2182 2183 1061109567 324
2232 2233 30 30
2282 2283 1061109567 3
2332 2333 426 426
2382 2383 935 935
2432 2433 1061109567 677
2482 2483 255 255
33 34 625 625
83 84 68 68
133 134 865 865
183 184 96 96
233 234 1061109567 91
283 284 153 153
333 334 1061109567 641
383 384 4 4
433 434 224 224
483 484 601 601
533 534 12 12
583 584 195 195
633 634 414 414
683 684 896 896
733 734 481 481
783 784 673 673
833 834 282 282
883 884 688 688
933 934 917 917
983 984 750 750
1033 1034 651 651
1083 1084 1061109567 712
1133 1134 813 813
1183 1184 249 249
1233 1234 971 971
1283 1284 394 394
1333 1334 786 786
1383 1384 478 478
1433 1434 606 606
1483 1484 431 431
1533 1534 586 586
1583 1584 475 475
1633 1634 1061109567 456
1683 1684 15 15
1733 1734 322 322
1783 1784 5 5
1833 1834 781 781
1883 1884 797 797
1933 1934 668 668
1983 1984 936 936
2033 2034 1061109567 498
2083 2084 291 291
2133 2134 1061109567 701
2183 2184 785 785
2233 2234 1061109567 925
2283 2284 705 705
2333 2334 242 242
2383 2384 962 962
2433 2434 1061109567 682
2483 2484 1061109567 970
34 35 565 565
84 85 1061109567 551
134 135 794 794
184 185 898 898
234 235 926 926
284 285 620 620
334 335 696 696
384 385 900 900
434 435 409 409
484 485 389 389
534 535 510 510
584 585 1061109567 796
634 635 583 583
684 685 1061109567 661
734 735 645 645
784 785 1061109567 656
834 835 178 178
884 885 1061109567 934
934 935 404 404
984 985 760 760
1034 1035 48 48
1084 1085 1061109567 302
1134 1135 1061109567 770
1184 1185 1061109567 297
1234 1235 437 437
1284 1285 618 618
1334 1335 811 811
1384 1385 1061109567 94
1434 1435 1061109567 995
1484 1485 1061109567 171
1534 1535 477 477
1584 1585 648 648
1634 1635 379 379
1684 1685 1061109567 216
1734 1735 1061109567 413
1784 1785 371 371
1834 1835 527 527
1884 1885 330 330
1934 1935 552 552
1984 1985 678 678
2034 2035 976 976
2084 2085 800 800
2134 2135 1061109567 635
2184 2185 1061109567 415
2234 2235 1061109567 906
2284 2285 1061109567 518
2334 2335 977 977
2384 2385 1061109567 808
2434 2435 63 63
2484 2485 488 488
35 36 1061109567 619
85 86 238 238
135 136 410 410
185 186 571 571
235 236 1061109567 907
285 286 777 777
335 336 274 274
385 386 821 821
435 436 972 972
485 486 850 850
535 536 865 865
585 586 209 209
635 636 131 131
685 686 512 512
735 736 916 916
785 786 224 224
835 836 1061109567 58
885 886 1061109567 561
935 936 939 939
985 986 771 771
1035 1036 927 927
1085 1086 286 286
1135 1136 920 920
1185 1186 9 9
1235 1236 129 129
1285 1286 966 966
1335 1336 546 546
1385 1386 776 776
1435 1436 710 710
1485 1486 250 250
1535 1536 829 829
1585 1586 734 734
1635 1636 119 119
1685 1686 296 296
1735 1736 280 280
1785 1786 1061109567 747
1835 1836 392 392
1885 1886 1061109567 774
1935 1936 41 41
1985 1986 384 384
2035 2036 1061109567 446
2085 2086 44 44
2135 2136 555 555
2185 2186 633 633
2235 2236 871 871
2285 2286 265 265
2335 2336 1061109567 473
2385 2386 173 173
2435 2436 163 163
2485 2486 430 430
36 37 240 240
86 87 1061109567 879
136 137 272 272
186 187 934 934
236 237 469 469
286 287 1061109567 841
336 337 198 198
386 387 1061109567 381
436 437 79 79
486 487 1061109567 160
536 537 711 711
586 587 70 70
636 637 110 110
686 687 1061109567 901
736 737 588 588
786 787 456 456
836 837 296 296
886 887 547 547
936 937 313 313
986 987 448 448
1036 1037 245 245
1086 1087 831 831
1136 1137 541 541
1186 1187 159 159
1236 1237 328 328
1286 1287 1061109567 177
1336 1337 994 994
1386 1387 1061109567 323
1436 1437 716 716
1486 1487 614 614
1536 1537 1061109567 767
1586 1587 1061109567 549
1636 1637 989 989
1686 1687 1061109567 990
1736 1737 269 269
1786 1787 892 892
1836 1837 1061109567 288
1886 1887 1061109567 657
1936 1937 1061109567 710
1986 1987 926 926
2036 2037 394 394
2086 2087 1061109567 80
2136 2137 822 822
2186 2187 1061109567 66
2236 2237 964 964
2286 2287 1061109567 425
2336 2337 175 175
2386 2387 79 79
2436 2437 603 603
2486 2487 1061109567 944
37 38 691 691
87 88 1061109567 828
137 138 275 275
187 188 1061109567 382
237 238 677 677
287 288 1061109567 127
337 338 514 514
387 388 876 876
437 438 55 55
487 488 944 944
537 538 1061109567 237
587 588 628 628
637 638 1061109567 683
687 688 1061109567 218
737 738 944 944
787 788 1061109567 826
837 838 422 422
887 888 1061109567 176
937 938 507 507
987 988 1061109567 643
1037 1038 617 617
1087 1088 985 985
1137 1138 323 323
1187 1188 1061109567 19
1237 1238 81 81
1287 1288 505 505
1337 1338 295 295
1387 1388 700 700
1437 1438 1061109567 828
1487 1488 235 235
1537 1538 210 210
1587 1588 1061109567 619
1637 1638 520 520
1687 1688 150 150
1737 1738 620 620
1787 1788 186 186
1837 1838 101 101
1887 1888 1061109567 601
1937 1938 13 13
1987 1988 901 901
2037 2038 1061109567 6
2087 2088 166 166
2137 2138 878 878
2187 2188 764 764
2237 2238 1061109567 269
2287 2288 575 575
2337 2338 1061109567 434
2387 2388 1061109567 915
2437 2438 674 674
2487 2488 1061109567 476
38 39 72 72
88 89 154 154
138 139 566 566
188 189 351 351
238 239 758 758
288 289 1061109567 791
338 339 1061109567 655
388 389 574 574
438 439 569 569
488 489 218 218
538 539 1061109567 989
588 589 817 817
638 639 459 459
688 689 552 552
738 739 621 621
788 789 711 711
838 839 1061109567 159
888 889 1061109567 546
938 939 1061109567 488
988 989 1061109567 806
1038 1039 639 639
1088 1089 1061109567 534
1138 1139 1061109567 685
1188 1189 450 450
1238 1239 994 994
1288 1289 1061109567 960
1338 1339 313 313
1388 1389 1061109567 282
1438 1439 143 143
1488 1489 1061109567 386
1538 1539 407 407
1588 1589 688 688
1638 1639 1061109567 276
1688 1689 1061109567 368
1738 1739 289 289
1788 1789 525 525
1838 1839 1061109567 698
1888 1889 1061109567 109
1938 1939 1061109567 610
1988 1989 539 539
2038 2039 340 340
2088 2089 816 816
2138 2139 105 105
2188 2189 130 130
2238 2239 921 921
2288 2289 1061109567 888
2338 2339 889 889
2388 2389 117 117
2438 2439 1061109567 541
2488 2489 1061109567 507
39 40 306 306
89 90 4 4
139 140 1061109567 349
189 190 220 220
239 240 831 831
289 290 1061109567 137
339 340 818 818
389 390 815 815
439 440 1061109567 653
489 490 590 590
539 540 1061109567 156
589 590 29 29
639 640 575 575
689 690 1061109567 942
739 740 1061109567 153
789 790 821 821
839 840 1061109567 967
889 890 1061109567 113
939 940 1061109567 689
989 990 1061109567 776
1039 1040 41 41
1089 1090 646 646
1139 1140 220 220
1189 1190 778 778
1239 1240 507 507
1289 1290 218 218
1339 1340 829 829
1389 1390 1061109567 468
1439 1440 1061109567 930
1489 1490 4 4
1539 1540 599 599
1589 1590 1061109567 483
1639 1640 1061109567 666
1689 1690 885 885
1739 1740 760 760
1789 1790 119 119
1839 1840 187 187
1889 1890 1061109567 180
1939 1940 1061109567 608
1989 1990 1061109567 150
2039 2040 129 129
2089 2090 1061109567 990
2139 2140 399 399
2189 2190 59 59
2239 2240 1061109567 421
2289 2290 165 165
2339 2340 774 774
2389 2390 679 679
2439 2440 551 551
2489 2490 1061109567 166
40 41 1061109567 344
90 91 881 881
140 141 41 41
190 191 825 825
240 241 48 48
290 291 399 399
340 341 260 260
390 391 124 124
440 441 805 805
490 491 765 765
540 541 256 256
590 591 1061109567 653
640 641 1061109567 901
690 691 93 93
740 741 679 679
790 791 15 15
840 841 659 659
890 891 1061109567 256
940 941 253 253
990 991 343 343
1040 1041 1061109567 958
1090 1091 742 742
1140 1141 749 749
1190 1191 987 987
1240 1241 297 297
1290 1291 167 167
1340 1341 1061109567 248
1390 1391 785 785
1440 1441 1061109567 64
1490 1491 560 560
1540 1541 789 789
1590 1591 413 413
1640 1641 357 357
1690 1691 1061109567 590
1740 1741 151 151
1790 1791 180 180
1840 1841 277 277
1890 1891 403 403
1940 1941 429 429
1990 1991 552 552
2040 2041 785 785
2090 2091 1061109567 370
2140 2141 137 137
2190 2191 1061109567 629
2240 2241 1061109567 811
2290 2291 1061109567 156
2340 2341 688 688
2390 2391 738 738
2440 2441 148 148
2490 2491 1061109567 253
41 42 153 153
91 92 406 406
141 142 1061109567 841
191 192 56 56
241 242 534 534
291 292 763 763
341 342 541 541
391 392 656 656
441 442 67 67
491 492 1061109567 212
541 542 1061109567 718
591 592 139 139
641 642 637 637
691 692 1061109567 414
741 742 717 717
791 792 159 159
841 842 1061109567 552
891 892 837 837
941 942 644 644
991 992 394 394
1041 1042 853 853
1091 1092 1061109567 371
1141 1142 684 684
1191 1192 1061109567 243
1241 1242 67 67
1291 1292 187 187
1341 1342 495 495
1391 1392 27 27
1441 1442 1061109567 654
1491 1492 553 553
1541 1542 272 272
1591 1592 737 737
1641 1642 698 698
1691 1692 736 736
1741 1742 1061109567 947
1791 1792 142 142
1841 1842 1061109567 203
1891 1892 1061109567 830
1941 1942 869 869
1991 1992 522 522
2041 2042 1061109567 594
2091 2092 788 788
2141 2142 542 542
2191 2192 1061109567 365
2241 2242 338 338
2291 2292 1061109567 701
2341 2342 1061109567 429
2391 2392 1061109567 456
2441 2442 378 378
2491 2492 1061109567 593
42 43 706 706
92 93 479 479
142 143 1061109567 727
192 193 1061109567 512
242 243 1061109567 900
292 293 241 241
342 343 220 220
392 393 496 496
442 443 632 632
492 493 622 622
542 543 237 237
592 593 1061109567 808
642 643 1061109567 946
692 693 1061109567 870
742 743 56 56
792 793 289 289
842 843 1061109567 326
892 893 337 337
942 943 1061109567 736
992 993 249 249
1042 1043 407 407
1092 1093 657 657
1142 1143 1061109567 104
1192 1193 1061109567 731
1242 1243 87 87
1292 1293 683 683
1342 1343 941 941
1392 1393 1061109567 319
1442 1443 1061109567 57
1492 1493 432 432
1542 1543 8 8
1592 1593 127 127
1642 1643 1061109567 27
1692 1693 558 558
1742 1743 1061109567 897
1792 1793 649 649
1842 1843 1061109567 697
1892 1893 68 68
1942 1943 575 575
1992 1993 533 533
2042 2043 1061109567 251
2092 2093 1061109567 432
2142 2143 907 907
2192 2193 817 817
2242 2243 16 16
2292 2293 579 579
2342 2343 1061109567 150
2392 2393 1061109567 910
2442 2443 1061109567 11
2492 2493 592 592
43 44 806 806
93 94 374 374
143 144 1061109567 655
193 194 428 428
243 244 7 7
293 294 1061109567 729
343 344 1061109567 521
393 394 571 571
443 444 1061109567 385
493 494 417 417
543 544 554 554
593 594 308 308
643 644 1061109567 239
693 694 467 467
743 744 31 31
793 794 56 56
843 844 1061109567 135
893 894 211 211
943 944 15 15
993 994 143 143
1043 1044 582 582
1093 1094 584 584
1143 1144 1061109567 555
1193 1194 464 464
1243 1244 895 895
1293 1294 719 719
1343 1344 1061109567 904
1393 1394 1061109567 691
1443 1444 333 333
1493 1494 559 559
1543 1544 244 244
1593 1594 581 581
1643 1644 889 889
1693 1694 630 630
1743 1744 498 498
1793 1794 1061109567 65
1843 1844 656 656
1893 1894 111 111
1943 1944 461 461
1993 1994 460 460
2043 2044 1061109567 349
2093 2094 549 549
2143 2144 218 218
2193 2194 1061109567 802
2243 2244 1061109567 974
2293 2294 13 13
2343 2344 1061109567 627
2393 2394 486 486
2443 2444 1061109567 351
2493 2494 420 420
44 45 599 599
94 95 843 843
144 145 1061109567 507
194 195 1061109567 309
244 245 545 545
294 295 377 377
344 345 1061109567 99
394 395 984 984
444 445 1061109567 662
494 495 234 234
544 545 372 372
594 595 698 698
644 645 1061109567 599
694 695 689 689
744 745 1061109567 367
794 795 723 723
844 845 1061109567 235
894 895 341 341
944 945 387 387
994 995 1061109567 783
1044 1045 734 734
1094 1095 1061109567 703
1144 1145 1061109567 737
1194 1195 409 409
1244 1245 1061109567 940
1294 1295 353 353
1344 1345 821 821
1394 1395 2 2
1444 1445 548 548
1494 1495 337 337
1544 1545 209 209
1594 1595 1061109567 957
1644 1645 763 763
1694 1695 1061109567 965
1744 1745 225 225
1794 1795 630 630
1844 1845 744 744
1894 1895 352 352
1944 1945 435 435
1994 1995 52 52
2044 2045 287 287
2094 2095 318 318
2144 2145 8 8
2194 2195 380 380
2244 2245 164 164
2294 2295 1061109567 817
2344 2345 703 703
2394 2395 1061109567 770
2444 2445 1061109567 775
2494 2495 1061109567 331
45 46 1061109567 228
95 96 67 67
145 146 1061109567 874
195 196 405 405
245 246 1061109567 295
295 296 1061109567 390
345 346 660 660
395 396 1061109567 104
445 446 152 152
495 496 1061109567 666
545 546 1061109567 437
595 596 451 451
645 646 825 825
695 696 837 837
745 746 712 712
795 796 1061109567 874
845 846 506 506
895 896 1061109567 609
945 946 1061109567 27
995 996 637 637
1045 1046 296 296
1095 1096 978 978
1145 1146 1061109567 706
1195 1196 1061109567 654
1245 1246 61 61
1295 1296 725 725
1345 1346 473 473
1395 1396 985 985
1445 1446 146 146
1495 1496 1061109567 96
1545 1546 553 553
1595 1596 985 985
1645 1646 621 621
1695 1696 659 659
1745 1746 868 868
1795 1796 604 604
1845 1846 1061109567 908
1895 1896 1061109567 263
1945 1946 933 933
1995 1996 301 301
2045 2046 574 574
2095 2096 681 681
2145 2146 118 118
2195 2196 689 689
2245 2246 311 311
2295 2296 268 268
2345 2346 244 244
2395 2396 768 768
2445 2446 656 656
2495 2496 952 952
46 47 4 4
96 97 364 364
146 147 1061109567 468
196 197 1061109567 361
246 247 1061109567 50
296 297 958 958
346 347 115 115
396 397 627 627
446 447 1061109567 973
496 497 230 230
546 547 169 169
596 597 745 745
646 647 1061109567 947
696 697 836 836
746 747 563 563
796 797 144 144
846 847 388 388
896 897 1061109567 637
946 947 867 867
996 997 138 138
1046 1047 1061109567 817
1096 1097 98 98
1146 1147 358 358
1196 1197 406 406
1246 1247 10 10
1296 1297 232 232
1346 1347 1061109567 312
1396 1397 885 885
1446 1447 759 759
1496 1497 54 54
1546 1547 939 939
1596 1597 256 256
1646 1647 1061109567 3
1696 1697 176 176
1746 1747 1061109567 889
1796 1797 464 464
1846 1847 331 331
1896 1897 56 56
1946 1947 181 181
1996 1997 1061109567 189
2046 2047 550 550
2096 2097 689 689
2146 2147 528 528
2196 2197 610 610
2246 2247 791 791
2296 2297 27 27
2346 2347 1061109567 710
2396 2397 1061109567 925
2446 2447 1061109567 30
2496 2497 1061109567 187
47 48 322 322
97 98 870 870
147 148 1061109567 117
197 198 427 427
247 248 340 340
297 298 1061109567 996
347 348 720 720
397 398 410 410
447 448 455 455
497 498 1061109567 558
547 548 360 360
597 598 227 227
647 648 202 202
697 698 292 292
747 748 310 310
797 798 128 128
847 848 1061109567 139
897 898 611 611
947 948 61 61
997 998 279 279
1047 1048 142 142
1097 1098 371 371
1147 1148 49 49
1197 1198 803 803
1247 1248 552 552
1297 1298 1061109567 909
1347 1348 60 60
1397 1398 523 523
1447 1448 246 246
1497 1498 489 489
1547 1548 23 23
1597 1598 342 342
1647 1648 393 393
1697 1698 492 492
1747 1748 1061109567 336
1797 1798 1061109567 602
1847 1848 1061109567 744
1897 1898 695 695
1947 1948 1061109567 632
1997 1998 1061109567 563
2047 2048 621 621
2097 2098 816 816
2147 2148 704 704
2197 2198 877 877
2247 2248 550 550
2297 2298 838 838
2347 2348 1061109567 74
2397 2398 307 307
2447 2448 1061109567 111
2497 2498 606 606
48 49 728 728
98 99 10 10
148 149 1061109567 978
198 199 1061109567 451
248 249 841 841
298 299 1061109567 440
348 349 430 430
398 399 662 662
448 449 442 442
498 499 111 111
548 549 1061109567 65
598 599 1061109567 845
648 649 446 446
698 699 1061109567 177
748 749 1061109567 645
798 799 577 577
848 849 956 956
898 899 1061109567 158
948 949 258 258
998 999 170 170
1048 1049 628 628
1098 1099 775 775
1148 1149 660 660
1198 1199 520 520
1248 1249 260 260
1298 1299 1061109567 481
1348 1349 832 832
1398 1399 330 330
1448 1449 1061109567 994
1498 1499 1061109567 222
1548 1549 664 664
1598 1599 59 59
1648 1649 1061109567 374
1698 1699 1061109567 660
1748 1749 556 556
1798 1799 173 173
1848 1849 12 12
1898 1899 94 94
1948 1949 194 194
1998 1999 819 819
2048 2049 845 845
2098 2099 1061109567 597
2148 2149 784 784
2198 2199 212 212
2248 2249 1061109567 678
2298 2299 908 908
2348 2349 200 200
2398 2399 946 946
2448 2449 108 108
2498 2499 235 235
49 50 282 282
99 100 900 900
149 150 47 47
199 200 1061109567 393
249 250 342 342
299 300 1061109567 204
349 350 190 190
399 400 447 447
449 450 737 737
499 500 533 533
549 550 1061109567 1000
599 600 31 31
649 650 1061109567 630
699 700 995 995
749 750 841 841
799 800 902 902
849 850 971 971
899 900 558 558
949 950 837 837
999 1000 211 211
1049 1050 634 634
1099 1100 345 345
1149 1150 1061109567 878
1199 1200 786 786
1249 1250 1061109567 238
1299 1300 1061109567 264
1349 1350 687 687
1399 1400 175 175
1449 1450 162 162
1499 1500 967 967
1549 1550 852 852
1599 1600 157 157
1649 1650 1061109567 380
1699 1700 202 202
1749 1750 1061109567 836
1799 1800 621 621
1849 1850 1061109567 344
1899 1900 1061109567 309
1949 1950 498 498
1999 2000 1061109567 118
2049 2050 1061109567 687
2099 2100 1061109567 723
2149 2150 663 663
2199 2200 1061109567 908
2249 2250 180 180
2299 2300 709 709
2349 2350 342 342
2399 2400 24 24
2449 2450 176 176
2499 2500 402 402
1 924