225 420
1 16 858 858
2 17 759 759
3 18 456 456
4 19 793 793
5 20 859 859
6 21 808 808
7 22 66 66
8 23 1061109567 708
9 24 494 494
10 25 1061109567 96
11 26 1061109567 538
12 27 1061109567 235
13 28 450 450
14 29 126 126
15 30 1061109567 536
16 31 191 191
17 32 1061109567 471
18 33 21 21
19 34 963 963
20 35 1061109567 103
21 36 1061109567 470
22 37 962 962
23 38 867 867
24 39 1061109567 487
25 40 1061109567 126
26 41 1061109567 195
27 42 386 386
28 43 745 745
29 44 444 444
30 45 1061109567 93
31 46 272 272
32 47 427 427
33 48 936 936
34 49 1061109567 372
35 50 963 963
36 51 1061109567 424
37 52 88 88
38 53 319 319
39 54 53 53
40 55 17 17
41 56 1061109567 738
42 57 192 192
43 58 991 991
44 59 309 309
45 60 1061109567 157
46 61 116 116
47 62 1061109567 36
48 63 1061109567 874
49 64 341 341
50 65 573 573
51 66 423 423
52 67 1061109567 87
53 68 732 732
54 69 167 167
55 70 1061109567 561
56 71 313 313
57 72 745 745
58 73 124 124
59 74 143 143
60 75 1061109567 521
61 76 537 537
62 77 431 431
63 78 530 530
64 79 1061109567 247
65 80 1061109567 253
66 81 878 878
67 82 519 519
68 83 536 536
69 84 73 73
70 85 386 386
71 86 236 236
72 87 1061109567 635
73 88 906 906
74 89 66 66
75 90 894 894
76 91 1061109567 51
77 92 1061109567 574
78 93 706 706
79 94 1061109567 137
80 95 1061109567 677
81 96 475 475
82 97 1061109567 767
83 98 1061109567 870
84 99 242 242
85 100 355 355
86 101 1061109567 278
87 102 677 677
88 103 1061109567 625
89 104 1061109567 374
90 105 981 981
91 106 1061109567 628
92 107 1061109567 753
93 108 865 865
94 109 1061109567 8
95 110 762 762
96 111 94 94
97 112 590 590
98 113 1061109567 580
99 114 1061109567 514
100 115 104 104
101 116 1061109567 800
102 117 162 162
103 118 997 997
104 119 1061109567 761
105 120 1061109567 828
106 121 340 340
107 122 1061109567 125
108 123 1061109567 360
109 124 903 903
110 125 693 693
111 126 403 403
112 127 1061109567 252
113 128 1061109567 646
114 129 802 802
115 130 4 4
116 131 378 378
117 132 1061109567 637
118 133 983 983
119 134 29 29
120 135 706 706
121 136 837 837
122 137 1061109567 15
123 138 490 490
124 139 653 653
125 140 93 93
126 141 407 407
127 142 131 131
128 143 486 486
129 144 841 841
130 145 638 638
131 146 895 895
132 147 999 999
133 148 258 258
134 149 868 868
135 150 77 77
136 151 1061109567 845
137 152 971 971
138 153 1061109567 225
139 154 586 586
140 155 555 555
141 156 1061109567 573
142 157 525 525
143 158 971 971
144 159 1061109567 534
145 160 1061109567 1
146 161 6 6
147 162 538 538
148 163 778 778
149 164 690 690
150 165 432 432
151 166 571 571
152 167 1061109567 30
153 168 487 487
154 169 1061109567 352
155 170 834 834
156 171 750 750
157 172 218 218
158 173 165 165
159 174 987 987
160 175 350 350
161 176 221 221
162 177 882 882
163 178 1061109567 64
164 179 1061109567 904
165 180 8 8
166 181 870 870
167 182 962 962
168 183 470 470
169 184 1061109567 504
170 185 520 520
171 186 1061109567 430
172 187 446 446
173 188 1061109567 246
174 189 187 187
175 190 12 12
176 191 1061109567 571
177 192 596 596
178 193 989 989
179 194 167 167
180 195 763 763
181 196 1061109567 930
182 197 1061109567 104
183 198 530 530
184 199 691 691
185 200 1061109567 98
186 201 73 73
187 202 535 535
188 203 1061109567 526
189 204 1061109567 832
190 205 1061109567 717
191 206 953 953
192 207 426 426
193 208 443 443
194 209 558 558
195 210 9 9
196 211 134 134
197 212 951 951
198 213 1061109567 180
199 214 1061109567 162
200 215 1061109567 216
201 216 785 785
202 217 1061109567 137
203 218 1061109567 509
204 219 1061109567 803
205 220 1061109567 727
206 221 886 886
207 222 1061109567 158
208 223 1061109567 578
209 224 76 76
210 225 560 560
1 2 1061109567 806
16 17 373 373
31 32 282 282
46 47 1061109567 939
61 62 127 127
76 77 1061109567 53
91 92 1061109567 145
106 107 933 933
121 122 203 203
136 137 1061109567 697
151 152 958 958
166 167 959 959
181 182 245 245
196 197 1061109567 418
211 212 22 22
2 3 108 108
17 18 1061109567 22
32 33 934 934
47 48 1061109567 88
62 63 97 97
77 78 1061109567 377
92 93 1061109567 828
107 108 1061109567 393
122 123 878 878
137 138 200 200
152 153 228 228
167 168 211 211
182 183 624 624
197 198 1061109567 74
212 213 479 479
3 4 722 722
18 19 1061109567 274
33 34 121 121
48 49 397 397
63 64 431 431
78 79 774 774
93 94 1061109567 697
108 109 32 32
123 124 1061109567 714
138 139 1061109567 36
153 154 538 538
168 169 69 69
183 184 802 802
198 199 555 555
213 214 437 437
4 5 322 322
19 20 674 674
34 35 252 252
49 50 155 155
64 65 3 3
79 80 844 844
94 95 1061109567 744
109 110 729 729
124 125 1061109567 980
139 140 388 388
154 155 354 354
169 170 983 983
184 185 26 26
199 200 1061109567 818
214 215 362 362
5 6 317 317
20 21 411 411
35 36 1061109567 983
50 51 136 136
65 66 661 661
80 81 73 73
95 96 266 266
110 111 747 747
125 126 296 296
140 141 1061109567 788
155 156 1061109567 446
170 171 960 960
185 186 267 267
200 201 915 915
215 216 917 917
6 7 690 690
21 22 1061109567 15
36 37 926 926
51 52 1061109567 114
66 67 485 485
81 82 551 551
96 97 982 982
111 112 726 726
126 127 1061109567 514
141 142 1061109567 807
156 157 55 55
171 172 145 145
186 187 1061109567 383
201 202 703 703
216 217 1061109567 848
7 8 628 628
22 23 1061109567 555
37 38 1061109567 989
52 53 639 639
67 68 246 246
82 83 581 581
97 98 1061109567 385
112 113 316 316
127 128 1061109567 642
142 143 482 482
157 158 185 185
172 173 403 403
187 188 254 254
202 203 92 92
217 218 1061109567 785
8 9 1061109567 279
23 24 828 828
38 39 55 55
53 54 18 18
68 69 1061109567 622
83 84 1061109567 520
98 99 410 410
113 114 116 116
128 129 365 365
143 144 257 257
158 159 1061109567 557
173 174 438 438
188 189 1061109567 122
203 204 96 96
218 219 351 351
9 10 856 856
24 25 644 644
39 40 815 815
54 55 1061109567 202
69 70 95 95
84 85 446 446
99 100 377 377
114 115 222 222
129 130 932 932
144 145 601 601
159 160 488 488
174 175 333 333
189 190 115 115
204 205 1061109567 967
219 220 370 370
10 11 442 442
25 26 299 299
40 41 1061109567 259
55 56 1061109567 487
70 71 1061109567 296
85 86 1061109567 636
100 101 898 898
115 116 1061109567 947
130 131 208 208
145 146 409 409
160 161 770 770
175 176 1061109567 316
190 191 1061109567 820
205 206 907 907
220 221 344 344
11 12 455 455
26 27 1061109567 853
41 42 1061109567 573
56 57 1061109567 217
71 72 1061109567 923
86 87 343 343
101 102 1061109567 604
116 117 1061109567 626
131 132 63 63
146 147 1061109567 780
161 162 344 344
176 177 718 718
191 192 2 2
206 207 792 792
221 222 675 675
12 13 1061109567 536
27 28 623 623
42 43 586 586
57 58 1061109567 202
72 73 958 958
87 88 1061109567 666
102 103 386 386
117 118 1061109567 597
132 133 171 171
147 148 1061109567 547
162 163 482 482
177 178 1061109567 499
192 193 1061109567 900
207 208 1061109567 88
222 223 760 760
13 14 178 178
28 29 1061109567 946
43 44 1061109567 386
58 59 700 700
73 74 685 685
88 89 416 416
103 104 1061109567 13
118 119 1061109567 970
133 134 1061109567 516
148 149 972 972
163 164 1061109567 91
178 179 1061109567 304
193 194 3 3
208 209 1061109567 793
223 224 1061109567 598
14 15 907 907
29 30 1061109567 551
44 45 280 280
59 60 1061109567 735
74 75 1061109567 228
89 90 691 691
104 105 120 120
119 120 1061109567 147
134 135 16 16
149 150 582 582
164 165 780 780
179 180 439 439
194 195 964 964
209 210 989 989
224 225 587 587
1 136