2500
4900
1
2392
5
1
51
250
250
2
52
649
649
3
53
1061109567
858
4
54
600
600
5
55
373
373
6
56
91
91
7
57
1061109567
894
8
58
239
239
9
59
890
890
10
60
914
914
11
61
1061109567
631
12
62
571
571
13
63
1061109567
128
14
64
1061109567
324
15
65
611
611
16
66
1061109567
62
17
67
925
925
18
68
99
99
19
69
1061109567
383
20
70
456
456
21
71
1061109567
160
22
72
548
548
23
73
483
483
24
74
43
43
25
75
379
379
26
76
1061109567
720
27
77
1061109567
844
28
78
895
895
29
79
939
939
30
80
363
363
31
81
1061109567
489
32
82
465
465
33
83
287
287
34
84
1061109567
84
35
85
1061109567
360
36
86
439
439
37
87
587
587
38
88
533
533
39
89
1061109567
703
40
90
29
29
41
91
574
574
42
92
900
900
43
93
1061109567
896
44
94
985
985
45
95
794
794
46
96
560
560
47
97
491
491
48
98
19
19
49
99
691
691
50
100
506
506
51
101
1061109567
717
52
102
1061109567
289
53
103
241
241
54
104
650
650
55
105
654
654
56
106
715
715
57
107
961
961
58
108
1061109567
125
59
109
376
376
60
110
1061109567
929
61
111
958
958
62
112
1061109567
940
63
113
151
151
64
114
200
200
65
115
79
79
66
116
539
539
67
117
758
758
68
118
402
402
69
119
1061109567
932
70
120
860
860
71
121
977
977
72
122
995
995
73
123
566
566
74
124
158
158
75
125
834
834
76
126
1061109567
56
77
127
1061109567
1
78
128
136
136
79
129
1061109567
669
80
130
1061109567
696
81
131
439
439
82
132
1061109567
205
83
133
1061109567
876
84
134
1061109567
899
85
135
1061109567
153
86
136
1061109567
822
87
137
439
439
88
138
1061109567
745
89
139
1061109567
623
90
140
1061109567
629
91
141
1061109567
170
92
142
287
287
93
143
232
232
94
144
935
935
95
145
760
760
96
146
722
722
97
147
1061109567
668
98
148
1061109567
994
99
149
1061109567
144
100
150
1061109567
513
101
151
724
724
102
152
132
132
103
153
410
410
104
154
18
18
105
155
650
650
106
156
688
688
107
157
850
850
108
158
1061109567
518
109
159
735
735
110
160
386
386
111
161
1061109567
174
112
162
1061109567
548
113
163
479
479
114
164
1061109567
828
115
165
567
567
116
166
1061109567
666
117
167
165
165
118
168
205
205
119
169
824
824
120
170
580
580
121
171
29
29
122
172
792
792
123
173
1061109567
176
124
174
906
906
125
175
809
809
126
176
951
951
127
177
140
140
128
178
4
4
129
179
203
203
130
180
1061109567
278
131
181
1061109567
615
132
182
909
909
133
183
516
516
134
184
199
199
135
185
1061109567
633
136
186
281
281
137
187
1061109567
402
138
188
459
459
139
189
962
962
140
190
61
61
141
191
225
225
142
192
83
83
143
193
465
465
144
194
851
851
145
195
1061109567
399
146
196
1061109567
595
147
197
1061109567
286
148
198
1061109567
872
149
199
1061109567
433
150
200
100
100
151
201
949
949
152
202
968
968
153
203
1061109567
232
154
204
24
24
155
205
2
2
156
206
907
907
157
207
820
820
158
208
46
46
159
209
621
621
160
210
627
627
161
211
273
273
162
212
395
395
163
213
1061109567
542
164
214
439
439
165
215
1061109567
294
166
216
302
302
167
217
43
43
168
218
950
950
169
219
1061109567
735
170
220
491
491
171
221
1061109567
353
172
222
1061109567
34
173
223
1061109567
149
174
224
1061109567
751
175
225
760
760
176
226
228
228
177
227
1061109567
494
178
228
526
526
179
229
791
791
180
230
73
73
181
231
784
784
182
232
443
443
183
233
90
90
184
234
1061109567
974
185
235
577
577
186
236
1061109567
689
187
237
584
584
188
238
193
193
189
239
382
382
190
240
1061109567
416
191
241
410
410
192
242
1061109567
397
193
243
22
22
194
244
517
517
195
245
592
592
196
246
543
543
197
247
1061109567
673
198
248
1061109567
555
199
249
20
20
200
250
439
439
201
251
408
408
202
252
1061109567
6
203
253
312
312
204
254
1061109567
879
205
255
888
888
206
256
831
831
207
257
120
120
208
258
1061109567
320
209
259
291
291
210
260
166
166
211
261
1061109567
820
212
262
1061109567
860
213
263
820
820
214
264
1061109567
342
215
265
39
39
216
266
1061109567
712
217
267
990
990
218
268
1061109567
536
219
269
777
777
220
270
971
971
221
271
985
985
222
272
1061109567
999
223
273
720
720
224
274
993
993
225
275
452
452
226
276
194
194
227
277
474
474
228
278
499
499
229
279
847
847
230
280
21
21
231
281
653
653
232
282
507
507
233
283
1061109567
777
234
284
191
191
235
285
803
803
236
286
493
493
237
287
1061109567
23
238
288
1061109567
244
239
289
280
280
240
290
699
699
241
291
691
691
242
292
1061109567
480
243
293
1061109567
363
244
294
1061109567
829
245
295
921
921
246
296
729
729
247
297
426
426
248
298
1061109567
65
249
299
203
203
250
300
923
923
251
301
888
888
252
302
744
744
253
303
449
449
254
304
703
703
255
305
204
204
256
306
65
65
257
307
88
88
258
308
1061109567
499
259
309
255
255
260
310
851
851
261
311
1061109567
131
262
312
6
6
263
313
971
971
264
314
126
126
265
315
999
999
266
316
435
435
267
317
1061109567
246
268
318
609
609
269
319
87
87
270
320
851
851
271
321
464
464
272
322
1061109567
679
273
323
901
901
274
324
965
965
275
325
1061109567
523
276
326
106
106
277
327
1061109567
881
278
328
542
542
279
329
1061109567
815
280
330
815
815
281
331
764
764
282
332
1061109567
877
283
333
764
764
284
334
1061109567
61
285
335
1061109567
355
286
336
1061109567
357
287
337
532
532
288
338
828
828
289
339
697
697
290
340
693
693
291
341
89
89
292
342
864
864
293
343
909
909
294
344
213
213
295
345
954
954
296
346
1061109567
555
297
347
1061109567
805
298
348
970
970
299
349
1061109567
663
300
350
379
379
301
351
124
124
302
352
432
432
303
353
592
592
304
354
89
89
305
355
288
288
306
356
849
849
307
357
324
324
308
358
1061109567
16
309
359
249
249
310
360
887
887
311
361
180
180
312
362
803
803
313
363
810
810
314
364
887
887
315
365
230
230
316
366
738
738
317
367
441
441
318
368
615
615
319
369
477
477
320
370
239
239
321
371
586
586
322
372
74
74
323
373
674
674
324
374
561
561
325
375
66
66
326
376
309
309
327
377
114
114
328
378
346
346
329
379
1061109567
112
330
380
209
209
331
381
1061109567
432
332
382
1061109567
457
333
383
403
403
334
384
883
883
335
385
321
321
336
386
156
156
337
387
516
516
338
388
106
106
339
389
1061109567
336
340
390
875
875
341
391
163
163
342
392
1061109567
169
343
393
478
478
344
394
1061109567
597
345
395
1061109567
449
346
396
1061109567
106
347
397
1061109567
117
348
398
1061109567
956
349
399
760
760
350
400
158
158
351
401
363
363
352
402
555
555
353
403
1061109567
718
354
404
145
145
355
405
657
657
356
406
265
265
357
407
863
863
358
408
650
650
359
409
1061109567
99
360
410
569
569
361
411
931
931
362
412
1061109567
183
363
413
767
767
364
414
345
345
365
415
861
861
366
416
128
128
367
417
65
65
368
418
248
248
369
419
469
469
370
420
172
172
371
421
362
362
372
422
611
611
373
423
870
870
374
424
698
698
375
425
1061109567
734
376
426
1061109567
233
377
427
1061109567
157
378
428
836
836
379
429
751
751
380
430
116
116
381
431
164
164
382
432
838
838
383
433
803
803
384
434
1061109567
37
385
435
781
781
386
436
1061109567
835
387
437
27
27
388
438
888
888
389
439
428
428
390
440
767
767
391
441
868
868
392
442
308
308
393
443
1061109567
836
394
444
558
558
395
445
821
821
396
446
572
572
397
447
334
334
398
448
560
560
399
449
1061109567
86
400
450
163
163
401
451
180
180
402
452
1061109567
162
403
453
158
158
404
454
1061109567
703
405
455
329
329
406
456
670
670
407
457
687
687
408
458
393
393
409
459
1061109567
810
410
460
735
735
411
461
930
930
412
462
910
910
413
463
46
46
414
464
817
817
415
465
1061109567
429
416
466
911
911
417
467
865
865
418
468
798
798
419
469
626
626
420
470
103
103
421
471
68
68
422
472
700
700
423
473
1061109567
721
424
474
728
728
425
475
457
457
426
476
1061109567
951
427
477
737
737
428
478
710
710
429
479
838
838
430
480
1061109567
796
431
481
484
484
432
482
699
699
433
483
109
109
434
484
1061109567
960
435
485
1061109567
709
436
486
787
787
437
487
806
806
438
488
110
110
439
489
1061109567
569
440
490
610
610
441
491
1061109567
976
442
492
626
626
443
493
1061109567
578
444
494
103
103
445
495
775
775
446
496
976
976
447
497
1061109567
918
448
498
215
215
449
499
1061109567
175
450
500
516
516
451
501
1061109567
697
452
502
535
535
453
503
212
212
454
504
1061109567
625
455
505
1061109567
627
456
506
977
977
457
507
687
687
458
508
719
719
459
509
142
142
460
510
1061109567
181
461
511
1061109567
430
462
512
904
904
463
513
767
767
464
514
157
157
465
515
42
42
466
516
308
308
467
517
1061109567
26
468
518
725
725
469
519
1061109567
509
470
520
58
58
471
521
1061109567
97
472
522
511
511
473
523
408
408
474
524
929
929
475
525
690
690
476
526
1061109567
381
477
527
976
976
478
528
763
763
479
529
16
16
480
530
549
549
481
531
582
582
482
532
889
889
483
533
669
669
484
534
836
836
485
535
916
916
486
536
1061109567
563
487
537
364
364
488
538
73
73
489
539
1061109567
426
490
540
1061109567
829
491
541
950
950
492
542
810
810
493
543
1061109567
793
494
544
244
244
495
545
1061109567
428
496
546
719
719
497
547
505
505
498
548
87
87
499
549
1061109567
224
500
550
406
406
501
551
1061109567
747
502
552
186
186
503
553
516
516
504
554
938
938
505
555
1061109567
606
506
556
1061109567
270
507
557
501
501
508
558
997
997
509
559
1061109567
638
510
560
261
261
511
561
178
178
512
562
480
480
513
563
95
95
514
564
1061109567
826
515
565
209
209
516
566
708
708
517
567
488
488
518
568
841
841
519
569
743
743
520
570
356
356
521
571
352
352
522
572
1061109567
224
523
573
337
337
524
574
207
207
525
575
121
121
526
576
429
429
527
577
677
677
528
578
272
272
529
579
815
815
530
580
714
714
531
581
1061109567
79
532
582
247
247
533
583
1061109567
628
534
584
1061109567
28
535
585
628
628
536
586
386
386
537
587
502
502
538
588
1061109567
809
539
589
814
814
540
590
1061109567
908
541
591
942
942
542
592
1061109567
680
543
593
175
175
544
594
906
906
545
595
759
759
546
596
269
269
547
597
464
464
548
598
389
389
549
599
82
82
550
600
777
777
551
601
619
619
552
602
953
953
553
603
1061109567
363
554
604
373
373
555
605
613
613
556
606
1061109567
515
557
607
1061109567
845
558
608
792
792
559
609
1061109567
813
560
610
396
396
561
611
95
95
562
612
504
504
563
613
15
15
564
614
1061109567
661
565
615
714
714
566
616
485
485
567
617
768
768
568
618
152
152
569
619
1061109567
154
570
620
130
130
571
621
398
398
572
622
1061109567
91
573
623
906
906
574
624
571
571
575
625
328
328
576
626
162
162
577
627
1061109567
845
578
628
596
596
579
629
265
265
580
630
50
50
581
631
1061109567
517
582
632
47
47
583
633
194
194
584
634
921
921
585
635
1061109567
901
586
636
1061109567
486
587
637
1061109567
685
588
638
344
344
589
639
9
9
590
640
233
233
591
641
787
787
592
642
997
997
593
643
971
971
594
644
864
864
595
645
70
70
596
646
510
510
597
647
27
27
598
648
682
682
599
649
796
796
600
650
983
983
601
651
776
776
602
652
1061109567
5
603
653
1061109567
732
604
654
83
83
605
655
550
550
606
656
1061109567
845
607
657
40
40
608
658
1061109567
727
609
659
17
17
610
660
69
69
611
661
281
281
612
662
884
884
613
663
1061109567
198
614
664
306
306
615
665
145
145
616
666
445
445
617
667
253
253
618
668
1061109567
553
619
669
90
90
620
670
668
668
621
671
1061109567
69
622
672
1061109567
336
623
673
513
513
624
674
601
601
625
675
1061109567
704
626
676
819
819
627
677
448
448
628
678
268
268
629
679
1061109567
63
630
680
209
209
631
681
1061109567
322
632
682
881
881
633
683
1061109567
480
634
684
698
698
635
685
1061109567
610
636
686
121
121
637
687
1061109567
70
638
688
836
836
639
689
154
154
640
690
153
153
641
691
382
382
642
692
975
975
643
693
1061109567
280
644
694
1061109567
993
645
695
1061109567
746
646
696
672
672
647
697
1061109567
973
648
698
458
458
649
699
193
193
650
700
1061109567
95
651
701
979
979
652
702
1061109567
433
653
703
107
107
654
704
1061109567
588
655
705
104
104
656
706
1061109567
820
657
707
926
926
658
708
381
381
659
709
171
171
660
710
305
305
661
711
1061109567
10
662
712
264
264
663
713
1061109567
537
664
714
1061109567
568
665
715
898
898
666
716
911
911
667
717
879
879
668
718
916
916
669
719
183
183
670
720
335
335
671
721
888
888
672
722
363
363
673
723
276
276
674
724
123
123
675
725
688
688
676
726
830
830
677
727
645
645
678
728
1061109567
368
679
729
484
484
680
730
542
542
681
731
582
582
682
732
1061109567
813
683
733
1061109567
294
684
734
434
434
685
735
1061109567
445
686
736
1061109567
281
687
737
1061109567
180
688
738
723
723
689
739
1061109567
365
690
740
201
201
691
741
135
135
692
742
585
585
693
743
204
204
694
744
715
715
695
745
792
792
696
746
334
334
697
747
1061109567
554
698
748
453
453
699
749
445
445
700
750
223
223
701
751
945
945
702
752
1061109567
662
703
753
332
332
704
754
34
34
705
755
7
7
706
756
163
163
707
757
569
569
708
758
145
145
709
759
684
684
710
760
269
269
711
761
218
218
712
762
25
25
713
763
917
917
714
764
513
513
715
765
637
637
716
766
1061109567
795
717
767
6
6
718
768
54
54
719
769
1061109567
138
720
770
874
874
721
771
720
720
722
772
125
125
723
773
959
959
724
774
929
929
725
775
1061109567
198
726
776
1061109567
749
727
777
481
481
728
778
845
845
729
779
706
706
730
780
1061109567
707
731
781
720
720
732
782
957
957
733
783
881
881
734
784
712
712
735
785
904
904
736
786
889
889
737
787
1061109567
906
738
788
982
982
739
789
71
71
740
790
1061109567
426
741
791
1061109567
477
742
792
892
892
743
793
1061109567
811
744
794
764
764
745
795
425
425
746
796
18
18
747
797
1061109567
980
748
798
911
911
749
799
1061109567
292
750
800
787
787
751
801
1061109567
222
752
802
126
126
753
803
82
82
754
804
326
326
755
805
872
872
756
806
1061109567
670
757
807
508
508
758
808
758
758
759
809
746
746
760
810
566
566
761
811
1061109567
770
762
812
6
6
763
813
362
362
764
814
1061109567
427
765
815
117
117
766
816
183
183
767
817
1061109567
321
768
818
783
783
769
819
810
810
770
820
918
918
771
821
369
369
772
822
452
452
773
823
178
178
774
824
425
425
775
825
130
130
776
826
622
622
777
827
1061109567
936
778
828
1061109567
575
779
829
820
820
780
830
1061109567
427
781
831
1061109567
8
782
832
601
601
783
833
1061109567
181
784
834
208
208
785
835
1061109567
211
786
836
765
765
787
837
559
559
788
838
64
64
789
839
982
982
790
840
847
847
791
841
205
205
792
842
1061109567
583
793
843
520
520
794
844
922
922
795
845
224
224
796
846
1061109567
552
797
847
1061109567
361
798
848
651
651
799
849
141
141
800
850
1061109567
158
801
851
199
199
802
852
88
88
803
853
1061109567
613
804
854
23
23
805
855
595
595
806
856
1061109567
282
807
857
317
317
808
858
628
628
809
859
998
998
810
860
283
283
811
861
359
359
812
862
1061109567
778
813
863
1061109567
764
814
864
325
325
815
865
642
642
816
866
487
487
817
867
687
687
818
868
61
61
819
869
672
672
820
870
797
797
821
871
1061109567
877
822
872
1061109567
589
823
873
643
643
824
874
456
456
825
875
258
258
826
876
1061109567
265
827
877
1061109567
233
828
878
425
425
829
879
661
661
830
880
807
807
831
881
1061109567
146
832
882
1061109567
96
833
883
1061109567
723
834
884
1061109567
22
835
885
1061109567
734
836
886
611
611
837
887
744
744
838
888
657
657
839
889
1061109567
891
840
890
178
178
841
891
915
915
842
892
423
423
843
893
376
376
844
894
172
172
845
895
822
822
846
896
417
417
847
897
508
508
848
898
1061109567
896
849
899
688
688
850
900
1061109567
505
851
901
1061109567
156
852
902
455
455
853
903
1061109567
154
854
904
1061109567
461
855
905
1061109567
129
856
906
556
556
857
907
1061109567
960
858
908
24
24
859
909
98
98
860
910
828
828
861
911
308
308
862
912
1061109567
826
863
913
921
921
864
914
610
610
865
915
84
84
866
916
1061109567
603
867
917
1061109567
202
868
918
852
852
869
919
1061109567
137
870
920
1061109567
556
871
921
623
623
872
922
176
176
873
923
483
483
874
924
811
811
875
925
783
783
876
926
487
487
877
927
1061109567
484
878
928
687
687
879
929
1061109567
503
880
930
314
314
881
931
1061109567
703
882
932
402
402
883
933
1061109567
39
884
934
1061109567
158
885
935
210
210
886
936
223
223
887
937
172
172
888
938
774
774
889
939
1061109567
971
890
940
595
595
891
941
229
229
892
942
578
578
893
943
888
888
894
944
61
61
895
945
1061109567
103
896
946
956
956
897
947
773
773
898
948
1061109567
147
899
949
940
940
900
950
786
786
901
951
143
143
902
952
909
909
903
953
1061109567
582
904
954
816
816
905
955
280
280
906
956
1061109567
955
907
957
149
149
908
958
1061109567
513
909
959
344
344
910
960
850
850
911
961
1061109567
793
912
962
1061109567
512
913
963
781
781
914
964
96
96
915
965
1061109567
371
916
966
739
739
917
967
1061109567
141
918
968
880
880
919
969
204
204
920
970
14
14
921
971
1061109567
459
922
972
6
6
923
973
1061109567
279
924
974
155
155
925
975
1061109567
956
926
976
1061109567
25
927
977
180
180
928
978
390
390
929
979
1061109567
947
930
980
111
111
931
981
1061109567
592
932
982
651
651
933
983
934
934
934
984
802
802
935
985
763
763
936
986
67
67
937
987
896
896
938
988
1061109567
563
939
989
999
999
940
990
1061109567
779
941
991
1061109567
85
942
992
358
358
943
993
721
721
944
994
184
184
945
995
339
339
946
996
861
861
947
997
494
494
948
998
882
882
949
999
501
501
950
1000
76
76
951
1001
603
603
952
1002
199
199
953
1003
299
299
954
1004
867
867
955
1005
1061109567
173
956
1006
212
212
957
1007
755
755
958
1008
1061109567
577
959
1009
974
974
960
1010
249
249
961
1011
1061109567
499
962
1012
1061109567
968
963
1013
1061109567
557
964
1014
479
479
965
1015
1061109567
389
966
1016
1061109567
531
967
1017
1061109567
312
968
1018
343
343
969
1019
397
397
970
1020
1061109567
588
971
1021
1061109567
84
972
1022
1061109567
62
973
1023
598
598
974
1024
1061109567
410
975
1025
563
563
976
1026
637
637
977
1027
608
608
978
1028
1061109567
177
979
1029
515
515
980
1030
425
425
981
1031
550
550
982
1032
147
147
983
1033
879
879
984
1034
53
53
985
1035
556
556
986
1036
839
839
987
1037
894
894
988
1038
1061109567
244
989
1039
861
861
990
1040
1061109567
47
991
1041
675
675
992
1042
1061109567
258
993
1043
596
596
994
1044
961
961
995
1045
231
231
996
1046
183
183
997
1047
1061109567
789
998
1048
1061109567
605
999
1049
796
796
1000
1050
495
495
1001
1051
1061109567
479
1002
1052
303
303
1003
1053
453
453
1004
1054
720
720
1005
1055
223
223
1006
1056
525
525
1007
1057
1061109567
348
1008
1058
962
962
1009
1059
562
562
1010
1060
121
121
1011
1061
180
180
1012
1062
815
815
1013
1063
526
526
1014
1064
1061109567
30
1015
1065
1061109567
798
1016
1066
813
813
1017
1067
119
119
1018
1068
170
170
1019
1069
753
753
1020
1070
1061109567
670
1021
1071
876
876
1022
1072
95
95
1023
1073
191
191
1024
1074
597
597
1025
1075
435
435
1026
1076
761
761
1027
1077
142
142
1028
1078
479
479
1029
1079
650
650
1030
1080
1061109567
245
1031
1081
1061109567
420
1032
1082
1061109567
743
1033
1083
58
58
1034
1084
283
283
1035
1085
864
864
1036
1086
27
27
1037
1087
390
390
1038
1088
265
265
1039
1089
473
473
1040
1090
279
279
1041
1091
725
725
1042
1092
1061109567
321
1043
1093
34
34
1044
1094
1061109567
438
1045
1095
867
867
1046
1096
1061109567
919
1047
1097
1061109567
602
1048
1098
706
706
1049
1099
225
225
1050
1100
224
224
1051
1101
752
752
1052
1102
657
657
1053
1103
32
32
1054
1104
746
746
1055
1105
884
884
1056
1106
164
164
1057
1107
241
241
1058
1108
1061109567
598
1059
1109
459
459
1060
1110
13
13
1061
1111
1061109567
103
1062
1112
1061109567
408
1063
1113
801
801
1064
1114
564
564
1065
1115
71
71
1066
1116
439
439
1067
1117
565
565
1068
1118
99
99
1069
1119
403
403
1070
1120
714
714
1071
1121
997
997
1072
1122
865
865
1073
1123
1061109567
437
1074
1124
1061109567
847
1075
1125
281
281
1076
1126
400
400
1077
1127
149
149
1078
1128
850
850
1079
1129
1061109567
76
1080
1130
110
110
1081
1131
1061109567
223
1082
1132
1061109567
567
1083
1133
1061109567
382
1084
1134
813
813
1085
1135
931
931
1086
1136
598
598
1087
1137
822
822
1088
1138
819
819
1089
1139
881
881
1090
1140
999
999
1091
1141
1061109567
722
1092
1142
1061109567
589
1093
1143
1061109567
361
1094
1144
638
638
1095
1145
124
124
1096
1146
1061109567
630
1097
1147
181
181
1098
1148
1
1
1099
1149
629
629
1100
1150
540
540
1101
1151
1061109567
79
1102
1152
129
129
1103
1153
607
607
1104
1154
199
199
1105
1155
1061109567
173
1106
1156
1061109567
60
1107
1157
154
154
1108
1158
184
184
1109
1159
668
668
1110
1160
923
923
1111
1161
463
463
1112
1162
825
825
1113
1163
361
361
1114
1164
917
917
1115
1165
57
57
1116
1166
1061109567
712
1117
1167
1061109567
426
1118
1168
296
296
1119
1169
1061109567
806
1120
1170
447
447
1121
1171
53
53
1122
1172
693
693
1123
1173
100
100
1124
1174
588
588
1125
1175
1061109567
542
1126
1176
1061109567
153
1127
1177
148
148
1128
1178
466
466
1129
1179
781
781
1130
1180
883
883
1131
1181
379
379
1132
1182
929
929
1133
1183
1061109567
709
1134
1184
1061109567
69
1135
1185
238
238
1136
1186
133
133
1137
1187
1061109567
671
1138
1188
128
128
1139
1189
789
789
1140
1190
106
106
1141
1191
769
769
1142
1192
655
655
1143
1193
882
882
1144
1194
966
966
1145
1195
388
388
1146
1196
954
954
1147
1197
172
172
1148
1198
72
72
1149
1199
574
574
1150
1200
391
391
1151
1201
314
314
1152
1202
1061109567
821
1153
1203
1061109567
505
1154
1204
27
27
1155
1205
27
27
1156
1206
1061109567
790
1157
1207
171
171
1158
1208
532
532
1159
1209
893
893
1160
1210
1061109567
77
1161
1211
1061109567
647
1162
1212
226
226
1163
1213
74
74
1164
1214
1061109567
477
1165
1215
937
937
1166
1216
793
793
1167
1217
27
27
1168
1218
36
36
1169
1219
249
249
1170
1220
302
302
1171
1221
1061109567
732
1172
1222
43
43
1173
1223
537
537
1174
1224
1061109567
405
1175
1225
699
699
1176
1226
525
525
1177
1227
950
950
1178
1228
113
113
1179
1229
304
304
1180
1230
301
301
1181
1231
576
576
1182
1232
342
342
1183
1233
325
325
1184
1234
12
12
1185
1235
940
940
1186
1236
925
925
1187
1237
33
33
1188
1238
556
556
1189
1239
688
688
1190
1240
92
92
1191
1241
374
374
1192
1242
290
290
1193
1243
820
820
1194
1244
837
837
1195
1245
893
893
1196
1246
472
472
1197
1247
268
268
1198
1248
1061109567
170
1199
1249
363
363
1200
1250
1061109567
234
1201
1251
678
678
1202
1252
573
573
1203
1253
264
264
1204
1254
84
84
1205
1255
1061109567
236
1206
1256
845
845
1207
1257
635
635
1208
1258
156
156
1209
1259
188
188
1210
1260
814
814
1211
1261
1061109567
96
1212
1262
391
391
1213
1263
309
309
1214
1264
942
942
1215
1265
1061109567
417
1216
1266
454
454
1217
1267
338
338
1218
1268
839
839
1219
1269
1061109567
57
1220
1270
889
889
1221
1271
669
669
1222
1272
37
37
1223
1273
1061109567
170
1224
1274
1061109567
772
1225
1275
1061109567
840
1226
1276
81
81
1227
1277
236
236
1228
1278
793
793
1229
1279
548
548
1230
1280
994
994
1231
1281
118
118
1232
1282
482
482
1233
1283
1061109567
572
1234
1284
1061109567
504
1235
1285
846
846
1236
1286
1061109567
531
1237
1287
1061109567
661
1238
1288
625
625
1239
1289
782
782
1240
1290
341
341
1241
1291
375
375
1242
1292
657
657
1243
1293
938
938
1244
1294
1061109567
385
1245
1295
605
605
1246
1296
10
10
1247
1297
86
86
1248
1298
227
227
1249
1299
1061109567
564
1250
1300
1061109567
627
1251
1301
669
669
1252
1302
234
234
1253
1303
690
690
1254
1304
108
108
1255
1305
422
422
1256
1306
1061109567
309
1257
1307
560
560
1258
1308
538
538
1259
1309
1061109567
773
1260
1310
501
501
1261
1311
491
491
1262
1312
51
51
1263
1313
190
190
1264
1314
634
634
1265
1315
490
490
1266
1316
950
950
1267
1317
1061109567
228
1268
1318
120
120
1269
1319
686
686
1270
1320
1061109567
336
1271
1321
304
304
1272
1322
604
604
1273
1323
749
749
1274
1324
1061109567
109
1275
1325
10
10
1276
1326
915
915
1277
1327
453
453
1278
1328
1061109567
697
1279
1329
1061109567
793
1280
1330
638
638
1281
1331
975
975
1282
1332
384
384
1283
1333
1061109567
544
1284
1334
430
430
1285
1335
343
343
1286
1336
1061109567
587
1287
1337
328
328
1288
1338
434
434
1289
1339
89
89
1290
1340
1061109567
27
1291
1341
815
815
1292
1342
555
555
1293
1343
1061109567
124
1294
1344
915
915
1295
1345
30
30
1296
1346
78
78
1297
1347
1061109567
792
1298
1348
746
746
1299
1349
216
216
1300
1350
1061109567
117
1301
1351
105
105
1302
1352
636
636
1303
1353
405
405
1304
1354
1061109567
663
1305
1355
204
204
1306
1356
822
822
1307
1357
39
39
1308
1358
356
356
1309
1359
720
720
1310
1360
1061109567
193
1311
1361
433
433
1312
1362
848
848
1313
1363
35
35
1314
1364
208
208
1315
1365
813
813
1316
1366
812
812
1317
1367
364
364
1318
1368
1061109567
544
1319
1369
528
528
1320
1370
601
601
1321
1371
292
292
1322
1372
960
960
1323
1373
1061109567
780
1324
1374
1061109567
134
1325
1375
356
356
1326
1376
1061109567
19
1327
1377
277
277
1328
1378
1061109567
511
1329
1379
655
655
1330
1380
1061109567
118
1331
1381
288
288
1332
1382
1061109567
933
1333
1383
539
539
1334
1384
819
819
1335
1385
202
202
1336
1386
127
127
1337
1387
1061109567
230
1338
1388
1061109567
243
1339
1389
600
600
1340
1390
1061109567
212
1341
1391
1061109567
720
1342
1392
24
24
1343
1393
74
74
1344
1394
1061109567
67
1345
1395
156
156
1346
1396
980
980
1347
1397
539
539
1348
1398
1061109567
873
1349
1399
628
628
1350
1400
348
348
1351
1401
830
830
1352
1402
871
871
1353
1403
8
8
1354
1404
396
396
1355
1405
462
462
1356
1406
1061109567
223
1357
1407
1061109567
330
1358
1408
784
784
1359
1409
1061109567
444
1360
1410
691
691
1361
1411
902
902
1362
1412
929
929
1363
1413
136
136
1364
1414
791
791
1365
1415
1061109567
833
1366
1416
181
181
1367
1417
460
460
1368
1418
937
937
1369
1419
142
142
1370
1420
706
706
1371
1421
1061109567
483
1372
1422
1061109567
843
1373
1423
873
873
1374
1424
701
701
1375
1425
1061109567
704
1376
1426
884
884
1377
1427
965
965
1378
1428
394
394
1379
1429
410
410
1380
1430
346
346
1381
1431
980
980
1382
1432
1061109567
77
1383
1433
1061109567
666
1384
1434
812
812
1385
1435
845
845
1386
1436
1061109567
230
1387
1437
1061109567
730
1388
1438
309
309
1389
1439
776
776
1390
1440
202
202
1391
1441
636
636
1392
1442
772
772
1393
1443
1061109567
890
1394
1444
1061109567
927
1395
1445
993
993
1396
1446
1061109567
64
1397
1447
225
225
1398
1448
1061109567
768
1399
1449
398
398
1400
1450
380
380
1401
1451
156
156
1402
1452
986
986
1403
1453
172
172
1404
1454
845
845
1405
1455
1061109567
68
1406
1456
250
250
1407
1457
1061109567
927
1408
1458
475
475
1409
1459
275
275
1410
1460
1061109567
586
1411
1461
1061109567
49
1412
1462
800
800
1413
1463
959
959
1414
1464
41
41
1415
1465
1061109567
333
1416
1466
726
726
1417
1467
52
52
1418
1468
1061109567
225
1419
1469
776
776
1420
1470
183
183
1421
1471
889
889
1422
1472
1061109567
388
1423
1473
1061109567
867
1424
1474
953
953
1425
1475
1
1
1426
1476
741
741
1427
1477
587
587
1428
1478
1061109567
377
1429
1479
294
294
1430
1480
561
561
1431
1481
577
577
1432
1482
1061109567
143
1433
1483
972
972
1434
1484
1061109567
422
1435
1485
301
301
1436
1486
1061109567
627
1437
1487
383
383
1438
1488
1000
1000
1439
1489
490
490
1440
1490
1061109567
210
1441
1491
215
215
1442
1492
187
187
1443
1493
250
250
1444
1494
1061109567
524
1445
1495
295
295
1446
1496
30
30
1447
1497
939
939
1448
1498
1061109567
812
1449
1499
581
581
1450
1500
457
457
1451
1501
1061109567
112
1452
1502
1061109567
857
1453
1503
1061109567
421
1454
1504
1061109567
895
1455
1505
240
240
1456
1506
945
945
1457
1507
697
697
1458
1508
844
844
1459
1509
491
491
1460
1510
363
363
1461
1511
735
735
1462
1512
742
742
1463
1513
1061109567
394
1464
1514
1061109567
228
1465
1515
812
812
1466
1516
876
876
1467
1517
1061109567
571
1468
1518
1061109567
951
1469
1519
1061109567
221
1470
1520
860
860
1471
1521
1061109567
569
1472
1522
308
308
1473
1523
251
251
1474
1524
1061109567
478
1475
1525
83
83
1476
1526
881
881
1477
1527
177
177
1478
1528
641
641
1479
1529
1061109567
779
1480
1530
1061109567
608
1481
1531
748
748
1482
1532
967
967
1483
1533
1061109567
720
1484
1534
304
304
1485
1535
1061109567
404
1486
1536
907
907
1487
1537
1061109567
804
1488
1538
849
849
1489
1539
1061109567
996
1490
1540
1061109567
653
1491
1541
426
426
1492
1542
915
915
1493
1543
184
184
1494
1544
86
86
1495
1545
1061109567
747
1496
1546
1061109567
483
1497
1547
1061109567
19
1498
1548
91
91
1499
1549
321
321
1500
1550
667
667
1501
1551
988
988
1502
1552
800
800
1503
1553
208
208
1504
1554
813
813
1505
1555
90
90
1506
1556
684
684
1507
1557
884
884
1508
1558
1061109567
586
1509
1559
273
273
1510
1560
538
538
1511
1561
694
694
1512
1562
821
821
1513
1563
198
198
1514
1564
1061109567
580
1515
1565
809
809
1516
1566
904
904
1517
1567
1061109567
765
1518
1568
46
46
1519
1569
209
209
1520
1570
66
66
1521
1571
37
37
1522
1572
741
741
1523
1573
943
943
1524
1574
1061109567
168
1525
1575
295
295
1526
1576
751
751
1527
1577
1061109567
570
1528
1578
361
361
1529
1579
904
904
1530
1580
1061109567
19
1531
1581
682
682
1532
1582
908
908
1533
1583
1061109567
685
1534
1584
43
43
1535
1585
1061109567
323
1536
1586
440
440
1537
1587
1061109567
270
1538
1588
303
303
1539
1589
1061109567
296
1540
1590
603
603
1541
1591
729
729
1542
1592
1061109567
213
1543
1593
699
699
1544
1594
1061109567
322
1545
1595
385
385
1546
1596
229
229
1547
1597
472
472
1548
1598
1061109567
289
1549
1599
959
959
1550
1600
1061109567
526
1551
1601
116
116
1552
1602
1061109567
722
1553
1603
1061109567
100
1554
1604
1061109567
672
1555
1605
757
757
1556
1606
956
956
1557
1607
748
748
1558
1608
706
706
1559
1609
831
831
1560
1610
1061109567
323
1561
1611
169
169
1562
1612
1061109567
254
1563
1613
1061109567
846
1564
1614
2
2
1565
1615
518
518
1566
1616
1061109567
232
1567
1617
350
350
1568
1618
869
869
1569
1619
742
742
1570
1620
905
905
1571
1621
723
723
1572
1622
442
442
1573
1623
646
646
1574
1624
528
528
1575
1625
635
635
1576
1626
357
357
1577
1627
522
522
1578
1628
1061109567
86
1579
1629
472
472
1580
1630
1061109567
718
1581
1631
355
355
1582
1632
629
629
1583
1633
1061109567
86
1584
1634
1061109567
800
1585
1635
1061109567
647
1586
1636
122
122
1587
1637
668
668
1588
1638
838
838
1589
1639
1061109567
837
1590
1640
845
845
1591
1641
311
311
1592
1642
335
335
1593
1643
1061109567
108
1594
1644
214
214
1595
1645
693
693
1596
1646
538
538
1597
1647
324
324
1598
1648
762
762
1599
1649
1061109567
204
1600
1650
141
141
1601
1651
424
424
1602
1652
1061109567
597
1603
1653
1061109567
860
1604
1654
864
864
1605
1655
1061109567
149
1606
1656
40
40
1607
1657
696
696
1608
1658
774
774
1609
1659
1061109567
103
1610
1660
427
427
1611
1661
585
585
1612
1662
1061109567
846
1613
1663
747
747
1614
1664
656
656
1615
1665
765
765
1616
1666
251
251
1617
1667
1061109567
204
1618
1668
95
95
1619
1669
1061109567
551
1620
1670
249
249
1621
1671
1061109567
902
1622
1672
972
972
1623
1673
1061109567
242
1624
1674
1061109567
943
1625
1675
555
555
1626
1676
481
481
1627
1677
1061109567
585
1628
1678
1061109567
657
1629
1679
1061109567
773
1630
1680
871
871
1631
1681
1061109567
150
1632
1682
122
122
1633
1683
532
532
1634
1684
49
49
1635
1685
1061109567
521
1636
1686
351
351
1637
1687
187
187
1638
1688
1061109567
115
1639
1689
372
372
1640
1690
731
731
1641
1691
36
36
1642
1692
663
663
1643
1693
1061109567
377
1644
1694
111
111
1645
1695
597
597
1646
1696
1061109567
847
1647
1697
1061109567
253
1648
1698
1061109567
64
1649
1699
464
464
1650
1700
104
104
1651
1701
805
805
1652
1702
895
895
1653
1703
1061109567
65
1654
1704
245
245
1655
1705
772
772
1656
1706
110
110
1657
1707
1061109567
374
1658
1708
332
332
1659
1709
1
1
1660
1710
731
731
1661
1711
562
562
1662
1712
875
875
1663
1713
358
358
1664
1714
780
780
1665
1715
231
231
1666
1716
257
257
1667
1717
330
330
1668
1718
905
905
1669
1719
653
653
1670
1720
100
100
1671
1721
235
235
1672
1722
386
386
1673
1723
593
593
1674
1724
291
291
1675
1725
642
642
1676
1726
842
842
1677
1727
488
488
1678
1728
376
376
1679
1729
1061109567
777
1680
1730
1061109567
125
1681
1731
698
698
1682
1732
637
637
1683
1733
363
363
1684
1734
63
63
1685
1735
657
657
1686
1736
427
427
1687
1737
803
803
1688
1738
804
804
1689
1739
368
368
1690
1740
179
179
1691
1741
487
487
1692
1742
161
161
1693
1743
1061109567
984
1694
1744
1061109567
966
1695
1745
176
176
1696
1746
1061109567
860
1697
1747
489
489
1698
1748
838
838
1699
1749
1061109567
166
1700
1750
442
442
1701
1751
871
871
1702
1752
587
587
1703
1753
870
870
1704
1754
746
746
1705
1755
43
43
1706
1756
853
853
1707
1757
715
715
1708
1758
1061109567
423
1709
1759
1061109567
167
1710
1760
583
583
1711
1761
1061109567
557
1712
1762
1061109567
880
1713
1763
1061109567
928
1714
1764
1061109567
390
1715
1765
501
501
1716
1766
1061109567
948
1717
1767
566
566
1718
1768
859
859
1719
1769
11
11
1720
1770
607
607
1721
1771
728
728
1722
1772
1061109567
940
1723
1773
1061109567
69
1724
1774
1061109567
334
1725
1775
262
262
1726
1776
481
481
1727
1777
866
866
1728
1778
528
528
1729
1779
871
871
1730
1780
814
814
1731
1781
709
709
1732
1782
338
338
1733
1783
183
183
1734
1784
921
921
1735
1785
1061109567
685
1736
1786
329
329
1737
1787
422
422
1738
1788
1061109567
431
1739
1789
535
535
1740
1790
76
76
1741
1791
849
849
1742
1792
1061109567
23
1743
1793
644
644
1744
1794
583
583
1745
1795
1061109567
251
1746
1796
1061109567
893
1747
1797
435
435
1748
1798
889
889
1749
1799
998
998
1750
1800
1061109567
776
1751
1801
1061109567
680
1752
1802
394
394
1753
1803
209
209
1754
1804
772
772
1755
1805
893
893
1756
1806
65
65
1757
1807
1061109567
315
1758
1808
1061109567
690
1759
1809
747
747
1760
1810
1061109567
588
1761
1811
136
136
1762
1812
710
710
1763
1813
59
59
1764
1814
1061109567
971
1765
1815
413
413
1766
1816
608
608
1767
1817
1061109567
872
1768
1818
1061109567
469
1769
1819
720
720
1770
1820
1061109567
277
1771
1821
342
342
1772
1822
990
990
1773
1823
69
69
1774
1824
360
360
1775
1825
579
579
1776
1826
733
733
1777
1827
1061109567
128
1778
1828
115
115
1779
1829
297
297
1780
1830
160
160
1781
1831
1061109567
386
1782
1832
1061109567
166
1783
1833
1061109567
549
1784
1834
264
264
1785
1835
159
159
1786
1836
416
416
1787
1837
34
34
1788
1838
108
108
1789
1839
852
852
1790
1840
880
880
1791
1841
1061109567
116
1792
1842
1061109567
928
1793
1843
100
100
1794
1844
1061109567
964
1795
1845
15
15
1796
1846
673
673
1797
1847
1061109567
660
1798
1848
517
517
1799
1849
45
45
1800
1850
839
839
1801
1851
592
592
1802
1852
188
188
1803
1853
615
615
1804
1854
1061109567
168
1805
1855
592
592
1806
1856
892
892
1807
1857
799
799
1808
1858
120
120
1809
1859
630
630
1810
1860
680
680
1811
1861
155
155
1812
1862
1061109567
261
1813
1863
1061109567
263
1814
1864
662
662
1815
1865
185
185
1816
1866
292
292
1817
1867
269
269
1818
1868
70
70
1819
1869
1061109567
702
1820
1870
1061109567
520
1821
1871
581
581
1822
1872
1061109567
342
1823
1873
986
986
1824
1874
9
9
1825
1875
8
8
1826
1876
1061109567
332
1827
1877
1061109567
462
1828
1878
758
758
1829
1879
577
577
1830
1880
107
107
1831
1881
65
65
1832
1882
1061109567
492
1833
1883
856
856
1834
1884
558
558
1835
1885
130
130
1836
1886
562
562
1837
1887
683
683
1838
1888
1061109567
493
1839
1889
45
45
1840
1890
684
684
1841
1891
629
629
1842
1892
1061109567
185
1843
1893
791
791
1844
1894
503
503
1845
1895
548
548
1846
1896
1061109567
634
1847
1897
458
458
1848
1898
723
723
1849
1899
1061109567
585
1850
1900
482
482
1851
1901
930
930
1852
1902
176
176
1853
1903
1061109567
467
1854
1904
230
230
1855
1905
846
846
1856
1906
1061109567
63
1857
1907
1061109567
738
1858
1908
659
659
1859
1909
200
200
1860
1910
439
439
1861
1911
751
751
1862
1912
568
568
1863
1913
1061109567
863
1864
1914
993
993
1865
1915
425
425
1866
1916
185
185
1867
1917
1061109567
890
1868
1918
532
532
1869
1919
1061109567
27
1870
1920
1061109567
291
1871
1921
1061109567
813
1872
1922
1061109567
337
1873
1923
1061109567
351
1874
1924
600
600
1875
1925
912
912
1876
1926
360
360
1877
1927
648
648
1878
1928
1061109567
713
1879
1929
986
986
1880
1930
908
908
1881
1931
1061109567
280
1882
1932
243
243
1883
1933
373
373
1884
1934
1061109567
649
1885
1935
175
175
1886
1936
242
242
1887
1937
127
127
1888
1938
1061109567
948
1889
1939
439
439
1890
1940
293
293
1891
1941
755
755
1892
1942
849
849
1893
1943
1061109567
883
1894
1944
1061109567
942
1895
1945
1061109567
432
1896
1946
709
709
1897
1947
1061109567
20
1898
1948
51
51
1899
1949
1061109567
730
1900
1950
1061109567
803
1901
1951
1061109567
239
1902
1952
845
845
1903
1953
1061109567
845
1904
1954
295
295
1905
1955
520
520
1906
1956
916
916
1907
1957
1061109567
16
1908
1958
1061109567
116
1909
1959
572
572
1910
1960
1061109567
148
1911
1961
579
579
1912
1962
1061109567
225
1913
1963
309
309
1914
1964
554
554
1915
1965
156
156
1916
1966
1061109567
957
1917
1967
797
797
1918
1968
727
727
1919
1969
1061109567
597
1920
1970
1061109567
481
1921
1971
1061109567
316
1922
1972
587
587
1923
1973
367
367
1924
1974
843
843
1925
1975
1061109567
972
1926
1976
1061109567
861
1927
1977
578
578
1928
1978
1061109567
402
1929
1979
1061109567
454
1930
1980
1061109567
630
1931
1981
861
861
1932
1982
1061109567
949
1933
1983
967
967
1934
1984
765
765
1935
1985
838
838
1936
1986
998
998
1937
1987
20
20
1938
1988
1061109567
980
1939
1989
704
704
1940
1990
1061109567
812
1941
1991
501
501
1942
1992
1061109567
713
1943
1993
781
781
1944
1994
186
186
1945
1995
324
324
1946
1996
785
785
1947
1997
229
229
1948
1998
1061109567
304
1949
1999
1061109567
130
1950
2000
1061109567
932
1951
2001
929
929
1952
2002
521
521
1953
2003
998
998
1954
2004
696
696
1955
2005
909
909
1956
2006
527
527
1957
2007
924
924
1958
2008
68
68
1959
2009
1061109567
755
1960
2010
1061109567
425
1961
2011
300
300
1962
2012
1061109567
824
1963
2013
897
897
1964
2014
918
918
1965
2015
1061109567
961
1966
2016
322
322
1967
2017
1061109567
383
1968
2018
1061109567
969
1969
2019
11
11
1970
2020
720
720
1971
2021
1061109567
768
1972
2022
707
707
1973
2023
181
181
1974
2024
967
967
1975
2025
113
113
1976
2026
509
509
1977
2027
659
659
1978
2028
647
647
1979
2029
1061109567
554
1980
2030
259
259
1981
2031
1061109567
982
1982
2032
598
598
1983
2033
332
332
1984
2034
493
493
1985
2035
1061109567
557
1986
2036
298
298
1987
2037
90
90
1988
2038
1061109567
888
1989
2039
226
226
1990
2040
547
547
1991
2041
431
431
1992
2042
1061109567
767
1993
2043
763
763
1994
2044
327
327
1995
2045
254
254
1996
2046
328
328
1997
2047
1061109567
284
1998
2048
815
815
1999
2049
648
648
2000
2050
894
894
2001
2051
938
938
2002
2052
1061109567
276
2003
2053
1061109567
160
2004
2054
377
377
2005
2055
676
676
2006
2056
863
863
2007
2057
1061109567
935
2008
2058
1061109567
936
2009
2059
89
89
2010
2060
173
173
2011
2061
1061109567
845
2012
2062
435
435
2013
2063
85
85
2014
2064
545
545
2015
2065
426
426
2016
2066
303
303
2017
2067
520
520
2018
2068
1061109567
593
2019
2069
128
128
2020
2070
1061109567
910
2021
2071
178
178
2022
2072
1061109567
749
2023
2073
1061109567
570
2024
2074
427
427
2025
2075
725
725
2026
2076
131
131
2027
2077
96
96
2028
2078
874
874
2029
2079
995
995
2030
2080
660
660
2031
2081
1061109567
873
2032
2082
1061109567
69
2033
2083
451
451
2034
2084
713
713
2035
2085
853
853
2036
2086
991
991
2037
2087
899
899
2038
2088
219
219
2039
2089
1061109567
520
2040
2090
561
561
2041
2091
120
120
2042
2092
797
797
2043
2093
1061109567
104
2044
2094
446
446
2045
2095
390
390
2046
2096
962
962
2047
2097
424
424
2048
2098
1061109567
622
2049
2099
814
814
2050
2100
919
919
2051
2101
866
866
2052
2102
56
56
2053
2103
65
65
2054
2104
153
153
2055
2105
741
741
2056
2106
411
411
2057
2107
70
70
2058
2108
936
936
2059
2109
1061109567
97
2060
2110
939
939
2061
2111
431
431
2062
2112
481
481
2063
2113
166
166
2064
2114
100
100
2065
2115
625
625
2066
2116
793
793
2067
2117
1061109567
63
2068
2118
952
952
2069
2119
306
306
2070
2120
865
865
2071
2121
1061109567
978
2072
2122
689
689
2073
2123
1061109567
49
2074
2124
22
22
2075
2125
1061109567
831
2076
2126
652
652
2077
2127
1061109567
438
2078
2128
320
320
2079
2129
56
56
2080
2130
1061109567
314
2081
2131
1061109567
282
2082
2132
312
312
2083
2133
1061109567
435
2084
2134
202
202
2085
2135
891
891
2086
2136
1061109567
799
2087
2137
1061109567
908
2088
2138
339
339
2089
2139
1061109567
976
2090
2140
840
840
2091
2141
213
213
2092
2142
994
994
2093
2143
1061109567
349
2094
2144
1061109567
53
2095
2145
74
74
2096
2146
1061109567
961
2097
2147
554
554
2098
2148
760
760
2099
2149
498
498
2100
2150
1061109567
711
2101
2151
67
67
2102
2152
1061109567
833
2103
2153
744
744
2104
2154
978
978
2105
2155
55
55
2106
2156
820
820
2107
2157
212
212
2108
2158
790
790
2109
2159
596
596
2110
2160
247
247
2111
2161
216
216
2112
2162
320
320
2113
2163
34
34
2114
2164
662
662
2115
2165
338
338
2116
2166
517
517
2117
2167
98
98
2118
2168
1061109567
310
2119
2169
118
118
2120
2170
701
701
2121
2171
1061109567
734
2122
2172
1061109567
153
2123
2173
87
87
2124
2174
1061109567
677
2125
2175
537
537
2126
2176
1061109567
468
2127
2177
506
506
2128
2178
87
87
2129
2179
1061109567
479
2130
2180
1061109567
156
2131
2181
404
404
2132
2182
224
224
2133
2183
1061109567
239
2134
2184
101
101
2135
2185
1061109567
827
2136
2186
280
280
2137
2187
1061109567
547
2138
2188
138
138
2139
2189
1061109567
382
2140
2190
732
732
2141
2191
266
266
2142
2192
947
947
2143
2193
141
141
2144
2194
668
668
2145
2195
1061109567
742
2146
2196
644
644
2147
2197
598
598
2148
2198
1061109567
581
2149
2199
446
446
2150
2200
1061109567
453
2151
2201
600
600
2152
2202
754
754
2153
2203
3
3
2154
2204
328
328
2155
2205
80
80
2156
2206
733
733
2157
2207
360
360
2158
2208
1061109567
676
2159
2209
745
745
2160
2210
635
635
2161
2211
985
985
2162
2212
54
54
2163
2213
1061109567
960
2164
2214
895
895
2165
2215
678
678
2166
2216
282
282
2167
2217
1061109567
542
2168
2218
555
555
2169
2219
952
952
2170
2220
374
374
2171
2221
1061109567
700
2172
2222
800
800
2173
2223
264
264
2174
2224
432
432
2175
2225
69
69
2176
2226
1061109567
846
2177
2227
750
750
2178
2228
305
305
2179
2229
1061109567
330
2180
2230
1061109567
193
2181
2231
501
501
2182
2232
664
664
2183
2233
393
393
2184
2234
529
529
2185
2235
247
247
2186
2236
773
773
2187
2237
630
630
2188
2238
233
233
2189
2239
1061109567
45
2190
2240
1061109567
199
2191
2241
779
779
2192
2242
246
246
2193
2243
135
135
2194
2244
1061109567
170
2195
2245
747
747
2196
2246
693
693
2197
2247
1061109567
484
2198
2248
902
902
2199
2249
776
776
2200
2250
1061109567
725
2201
2251
1061109567
950
2202
2252
382
382
2203
2253
878
878
2204
2254
746
746
2205
2255
156
156
2206
2256
296
296
2207
2257
64
64
2208
2258
811
811
2209
2259
1061109567
241
2210
2260
727
727
2211
2261
1061109567
55
2212
2262
587
587
2213
2263
238
238
2214
2264
147
147
2215
2265
963
963
2216
2266
400
400
2217
2267
891
891
2218
2268
848
848
2219
2269
52
52
2220
2270
1061109567
633
2221
2271
166
166
2222
2272
59
59
2223
2273
1061109567
122
2224
2274
956
956
2225
2275
567
567
2226
2276
520
520
2227
2277
821
821
2228
2278
1061109567
955
2229
2279
1061109567
77
2230
2280
275
275
2231
2281
802
802
2232
2282
955
955
2233
2283
904
904
2234
2284
764
764
2235
2285
783
783
2236
2286
1061109567
840
2237
2287
1061109567
364
2238
2288
1061109567
729
2239
2289
828
828
2240
2290
15
15
2241
2291
687
687
2242
2292
1061109567
563
2243
2293
1061109567
210
2244
2294
1061109567
875
2245
2295
319
319
2246
2296
1061109567
467
2247
2297
1061109567
198
2248
2298
706
706
2249
2299
1061109567
319
2250
2300
1061109567
91
2251
2301
476
476
2252
2302
282
282
2253
2303
1061109567
636
2254
2304
553
553
2255
2305
1061109567
111
2256
2306
1061109567
83
2257
2307
106
106
2258
2308
981
981
2259
2309
1061109567
296
2260
2310
1061109567
511
2261
2311
59
59
2262
2312
23
23
2263
2313
1061109567
825
2264
2314
542
542
2265
2315
115
115
2266
2316
838
838
2267
2317
967
967
2268
2318
785
785
2269
2319
1061109567
593
2270
2320
1061109567
211
2271
2321
252
252
2272
2322
860
860
2273
2323
222
222
2274
2324
1061109567
151
2275
2325
1061109567
118
2276
2326
661
661
2277
2327
902
902
2278
2328
1061109567
889
2279
2329
235
235
2280
2330
1061109567
675
2281
2331
969
969
2282
2332
479
479
2283
2333
34
34
2284
2334
684
684
2285
2335
1061109567
622
2286
2336
1061109567
898
2287
2337
1061109567
243
2288
2338
820
820
2289
2339
1061109567
538
2290
2340
70
70
2291
2341
23
23
2292
2342
995
995
2293
2343
1061109567
974
2294
2344
1061109567
763
2295
2345
1061109567
519
2296
2346
1061109567
501
2297
2347
496
496
2298
2348
607
607
2299
2349
360
360
2300
2350
954
954
2301
2351
1061109567
190
2302
2352
905
905
2303
2353
749
749
2304
2354
748
748
2305
2355
1061109567
106
2306
2356
1061109567
964
2307
2357
433
433
2308
2358
499
499
2309
2359
791
791
2310
2360
1061109567
839
2311
2361
455
455
2312
2362
872
872
2313
2363
515
515
2314
2364
204
204
2315
2365
1061109567
959
2316
2366
196
196
2317
2367
1061109567
798
2318
2368
195
195
2319
2369
1061109567
996
2320
2370
1061109567
188
2321
2371
169
169
2322
2372
1061109567
713
2323
2373
1061109567
316
2324
2374
1061109567
22
2325
2375
380
380
2326
2376
1061109567
837
2327
2377
999
999
2328
2378
1061109567
408
2329
2379
1061109567
719
2330
2380
26
26
2331
2381
453
453
2332
2382
632
632
2333
2383
483
483
2334
2384
1061109567
17
2335
2385
1061109567
85
2336
2386
759
759
2337
2387
473
473
2338
2388
634
634
2339
2389
948
948
2340
2390
1061109567
869
2341
2391
983
983
2342
2392
1061109567
288
2343
2393
566
566
2344
2394
77
77
2345
2395
709
709
2346
2396
633
633
2347
2397
1061109567
705
2348
2398
302
302
2349
2399
1061109567
24
2350
2400
439
439
2351
2401
188
188
2352
2402
191
191
2353
2403
1061109567
598
2354
2404
1061109567
360
2355
2405
704
704
2356
2406
425
425
2357
2407
1061109567
737
2358
2408
1061109567
759
2359
2409
891
891
2360
2410
943
943
2361
2411
235
235
2362
2412
1061109567
411
2363
2413
176
176
2364
2414
1000
1000
2365
2415
200
200
2366
2416
370
370
2367
2417
956
956
2368
2418
177
177
2369
2419
1061109567
249
2370
2420
700
700
2371
2421
847
847
2372
2422
225
225
2373
2423
192
192
2374
2424
787
787
2375
2425
179
179
2376
2426
1061109567
647
2377
2427
881
881
2378
2428
1061109567
154
2379
2429
464
464
2380
2430
679
679
2381
2431
1061109567
965
2382
2432
440
440
2383
2433
745
745
2384
2434
617
617
2385
2435
198
198
2386
2436
647
647
2387
2437
1061109567
460
2388
2438
1061109567
244
2389
2439
1061109567
881
2390
2440
1061109567
972
2391
2441
370
370
2392
2442
1061109567
879
2393
2443
1061109567
562
2394
2444
764
764
2395
2445
1061109567
53
2396
2446
1061109567
329
2397
2447
1061109567
878
2398
2448
777
777
2399
2449
1061109567
447
2400
2450
1061109567
204
2401
2451
1061109567
593
2402
2452
873
873
2403
2453
655
655
2404
2454
1061109567
194
2405
2455
335
335
2406
2456
1061109567
153
2407
2457
1061109567
13
2408
2458
343
343
2409
2459
537
537
2410
2460
266
266
2411
2461
953
953
2412
2462
320
320
2413
2463
174
174
2414
2464
946
946
2415
2465
1061109567
665
2416
2466
1061109567
432
2417
2467
588
588
2418
2468
1061109567
279
2419
2469
978
978
2420
2470
406
406
2421
2471
670
670
2422
2472
1061109567
87
2423
2473
14
14
2424
2474
184
184
2425
2475
182
182
2426
2476
1061109567
961
2427
2477
136
136
2428
2478
810
810
2429
2479
136
136
2430
2480
1061109567
363
2431
2481
854
854
2432
2482
344
344
2433
2483
275
275
2434
2484
39
39
2435
2485
234
234
2436
2486
807
807
2437
2487
210
210
2438
2488
244
244
2439
2489
606
606
2440
2490
731
731
2441
2491
77
77
2442
2492
878
878
2443
2493
711
711
2444
2494
1061109567
132
2445
2495
927
927
2446
2496
89
89
2447
2497
724
724
2448
2498
879
879
2449
2499
918
918
2450
2500
645
645
1 
2
991
991
51 
52
1061109567
940
101 
102
136
136
151 
152
1061109567
890
201 
202
994
994
251 
252
386
386
301 
302
691
691
351 
352
1061109567
900
401 
402
910
910
451 
452
1061109567
998
501 
502
392
392
551 
552
789
789
601 
602
721
721
651 
652
469
469
701 
702
725
725
751 
752
380
380
801 
802
161
161
851 
852
1061109567
444
901 
902
49
49
951 
952
230
230
1001 
1002
622
622
1051 
1052
116
116
1101 
1102
740
740
1151 
1152
1061109567
647
1201 
1202
790
790
1251 
1252
369
369
1301 
1302
987
987
1351 
1352
711
711
1401 
1402
802
802
1451 
1452
418
418
1501 
1502
590
590
1551 
1552
63
63
1601 
1602
1061109567
278
1651 
1652
1061109567
998
1701 
1702
905
905
1751 
1752
975
975
1801 
1802
50
50
1851 
1852
1061109567
433
1901 
1902
1061109567
689
1951 
1952
714
714
2001 
2002
86
86
2051 
2052
1061109567
307
2101 
2102
1061109567
813
2151 
2152
950
950
2201 
2202
761
761
2251 
2252
1061109567
364
2301 
2302
970
970
2351 
2352
633
633
2401 
2402
1061109567
539
2451 
2452
167
167
2 
3
523
523
52 
53
256
256
102 
103
596
596
152 
153
1061109567
545
202 
203
1061109567
305
252 
253
445
445
302 
303
1061109567
287
352 
353
1061109567
717
402 
403
808
808
452 
453
83
83
502 
503
983
983
552 
553
748
748
602 
603
968
968
652 
653
1061109567
894
702 
703
637
637
752 
753
1061109567
89
802 
803
1061109567
94
852 
853
504
504
902 
903
1061109567
168
952 
953
196
196
1002 
1003
824
824
1052 
1053
839
839
1102 
1103
529
529
1152 
1153
43
43
1202 
1203
370
370
1252 
1253
659
659
1302 
1303
867
867
1352 
1353
86
86
1402 
1403
956
956
1452 
1453
1061109567
826
1502 
1503
961
961
1552 
1553
1061109567
889
1602 
1603
1061109567
209
1652 
1653
1061109567
263
1702 
1703
242
242
1752 
1753
1061109567
590
1802 
1803
1061109567
82
1852 
1853
959
959
1902 
1903
932
932
1952 
1953
240
240
2002 
2003
441
441
2052 
2053
593
593
2102 
2103
173
173
2152 
2153
1061109567
650
2202 
2203
1061109567
862
2252 
2253
793
793
2302 
2303
909
909
2352 
2353
1061109567
677
2402 
2403
659
659
2452 
2453
120
120
3 
4
48
48
53 
54
516
516
103 
104
336
336
153 
154
1061109567
487
203 
204
628
628
253 
254
129
129
303 
304
871
871
353 
354
1061109567
6
403 
404
519
519
453 
454
1061109567
589
503 
504
1061109567
317
553 
554
1061109567
885
603 
604
1061109567
762
653 
654
577
577
703 
704
676
676
753 
754
813
813
803 
804
1061109567
81
853 
854
1061109567
817
903 
904
795
795
953 
954
74
74
1003 
1004
510
510
1053 
1054
252
252
1103 
1104
620
620
1153 
1154
1061109567
840
1203 
1204
416
416
1253 
1254
493
493
1303 
1304
1000
1000
1353 
1354
888
888
1403 
1404
1061109567
895
1453 
1454
279
279
1503 
1504
952
952
1553 
1554
231
231
1603 
1604
1061109567
683
1653 
1654
612
612
1703 
1704
26
26
1753 
1754
490
490
1803 
1804
960
960
1853 
1854
834
834
1903 
1904
981
981
1953 
1954
141
141
2003 
2004
1061109567
160
2053 
2054
1061109567
40
2103 
2104
1061109567
4
2153 
2154
140
140
2203 
2204
331
331
2253 
2254
196
196
2303 
2304
1061109567
93
2353 
2354
501
501
2403 
2404
1061109567
3
2453 
2454
1061109567
304
4 
5
509
509
54 
55
83
83
104 
105
767
767
154 
155
296
296
204 
205
131
131
254 
255
32
32
304 
305
151
151
354 
355
261
261
404 
405
888
888
454 
455
155
155
504 
505
1061109567
246
554 
555
198
198
604 
605
283
283
654 
655
580
580
704 
705
349
349
754 
755
1061109567
247
804 
805
541
541
854 
855
856
856
904 
905
1061109567
440
954 
955
780
780
1004 
1005
353
353
1054 
1055
749
749
1104 
1105
24
24
1154 
1155
806
806
1204 
1205
437
437
1254 
1255
493
493
1304 
1305
409
409
1354 
1355
1061109567
709
1404 
1405
162
162
1454 
1455
991
991
1504 
1505
468
468
1554 
1555
483
483
1604 
1605
1061109567
633
1654 
1655
1061109567
189
1704 
1705
600
600
1754 
1755
1061109567
286
1804 
1805
1061109567
953
1854 
1855
688
688
1904 
1905
1061109567
546
1954 
1955
1061109567
234
2004 
2005
143
143
2054 
2055
66
66
2104 
2105
268
268
2154 
2155
170
170
2204 
2205
752
752
2254 
2255
1061109567
463
2304 
2305
1061109567
675
2354 
2355
429
429
2404 
2405
32
32
2454 
2455
1061109567
457
5 
6
483
483
55 
56
224
224
105 
106
261
261
155 
156
697
697
205 
206
915
915
255 
256
437
437
305 
306
427
427
355 
356
176
176
405 
406
238
238
455 
456
719
719
505 
506
449
449
555 
556
645
645
605 
606
295
295
655 
656
916
916
705 
706
1061109567
442
755 
756
1061109567
100
805 
806
515
515
855 
856
1061109567
988
905 
906
16
16
955 
956
153
153
1005 
1006
738
738
1055 
1056
902
902
1105 
1106
200
200
1155 
1156
427
427
1205 
1206
868
868
1255 
1256
1061109567
980
1305 
1306
545
545
1355 
1356
531
531
1405 
1406
433
433
1455 
1456
1061109567
201
1505 
1506
414
414
1555 
1556
858
858
1605 
1606
1061109567
80
1655 
1656
715
715
1705 
1706
1061109567
802
1755 
1756
552
552
1805 
1806
988
988
1855 
1856
798
798
1905 
1906
242
242
1955 
1956
121
121
2005 
2006
858
858
2055 
2056
729
729
2105 
2106
1061109567
152
2155 
2156
275
275
2205 
2206
916
916
2255 
2256
26
26
2305 
2306
176
176
2355 
2356
1061109567
697
2405 
2406
115
115
2455 
2456
65
65
6 
7
633
633
56 
57
1061109567
736
106 
107
925
925
156 
157
916
916
206 
207
699
699
256 
257
1061109567
815
306 
307
316
316
356 
357
501
501
406 
407
550
550
456 
457
719
719
506 
507
264
264
556 
557
965
965
606 
607
955
955
656 
657
468
468
706 
707
1061109567
511
756 
757
897
897
806 
807
430
430
856 
857
677
677
906 
907
939
939
956 
957
395
395
1006 
1007
311
311
1056 
1057
37
37
1106 
1107
414
414
1156 
1157
1061109567
138
1206 
1207
1061109567
938
1256 
1257
405
405
1306 
1307
22
22
1356 
1357
1061109567
797
1406 
1407
1061109567
899
1456 
1457
704
704
1506 
1507
1061109567
278
1556 
1557
1061109567
684
1606 
1607
328
328
1656 
1657
589
589
1706 
1707
623
623
1756 
1757
1061109567
362
1806 
1807
74
74
1856 
1857
935
935
1906 
1907
106
106
1956 
1957
428
428
2006 
2007
792
792
2056 
2057
629
629
2106 
2107
592
592
2156 
2157
913
913
2206 
2207
1061109567
822
2256 
2257
795
795
2306 
2307
1061109567
847
2356 
2357
187
187
2406 
2407
1061109567
875
2456 
2457
474
474
7 
8
917
917
57 
58
726
726
107 
108
540
540
157 
158
580
580
207 
208
1061109567
352
257 
258
1061109567
514
307 
308
968
968
357 
358
1061109567
460
407 
408
107
107
457 
458
164
164
507 
508
187
187
557 
558
645
645
607 
608
115
115
657 
658
706
706
707 
708
493
493
757 
758
363
363
807 
808
1061109567
773
857 
858
361
361
907 
908
467
467
957 
958
805
805
1007 
1008
52
52
1057 
1058
1061109567
240
1107 
1108
966
966
1157 
1158
489
489
1207 
1208
475
475
1257 
1258
759
759
1307 
1308
782
782
1357 
1358
412
412
1407 
1408
213
213
1457 
1458
184
184
1507 
1508
669
669
1557 
1558
90
90
1607 
1608
1061109567
592
1657 
1658
452
452
1707 
1708
196
196
1757 
1758
1061109567
699
1807 
1808
117
117
1857 
1858
969
969
1907 
1908
1061109567
243
1957 
1958
900
900
2007 
2008
331
331
2057 
2058
163
163
2107 
2108
301
301
2157 
2158
23
23
2207 
2208
348
348
2257 
2258
921
921
2307 
2308
60
60
2357 
2358
144
144
2407 
2408
133
133
2457 
2458
219
219
8 
9
642
642
58 
59
832
832
108 
109
34
34
158 
159
62
62
208 
209
1061109567
114
258 
259
1061109567
553
308 
309
1061109567
723
358 
359
968
968
408 
409
902
902
458 
459
259
259
508 
509
1061109567
100
558 
559
226
226
608 
609
1061109567
387
658 
659
1061109567
425
708 
709
852
852
758 
759
1061109567
918
808 
809
402
402
858 
859
888
888
908 
909
1061109567
604
958 
959
31
31
1008 
1009
727
727
1058 
1059
1061109567
302
1108 
1109
1061109567
436
1158 
1159
490
490
1208 
1209
1061109567
298
1258 
1259
1061109567
539
1308 
1309
537
537
1358 
1359
1061109567
738
1408 
1409
596
596
1458 
1459
836
836
1508 
1509
1061109567
395
1558 
1559
1061109567
228
1608 
1609
254
254
1658 
1659
1061109567
270
1708 
1709
950
950
1758 
1759
1061109567
895
1808 
1809
525
525
1858 
1859
1061109567
745
1908 
1909
1061109567
414
1958 
1959
787
787
2008 
2009
932
932
2058 
2059
239
239
2108 
2109
834
834
2158 
2159
157
157
2208 
2209
718
718
2258 
2259
476
476
2308 
2309
1061109567
174
2358 
2359
1061109567
631
2408 
2409
963
963
2458 
2459
518
518
9 
10
972
972
59 
60
861
861
109 
110
686
686
159 
160
627
627
209 
210
472
472
259 
260
1061109567
376
309 
310
633
633
359 
360
669
669
409 
410
151
151
459 
460
205
205
509 
510
1061109567
6
559 
560
922
922
609 
610
1061109567
6
659 
660
854
854
709 
710
1061109567
945
759 
760
882
882
809 
810
1061109567
58
859 
860
458
458
909 
910
379
379
959 
960
835
835
1009 
1010
867
867
1059 
1060
392
392
1109 
1110
639
639
1159 
1160
228
228
1209 
1210
603
603
1259 
1260
1061109567
482
1309 
1310
1061109567
219
1359 
1360
1061109567
445
1409 
1410
1061109567
195
1459 
1460
52
52
1509 
1510
697
697
1559 
1560
610
610
1609 
1610
64
64
1659 
1660
184
184
1709 
1710
102
102
1759 
1760
540
540
1809 
1810
1061109567
761
1859 
1860
269
269
1909 
1910
1061109567
389
1959 
1960
323
323
2009 
2010
31
31
2059 
2060
831
831
2109 
2110
862
862
2159 
2160
524
524
2209 
2210
1061109567
319
2259 
2260
390
390
2309 
2310
212
212
2359 
2360
320
320
2409 
2410
142
142
2459 
2460
1061109567
866
10 
11
1061109567
637
60 
61
72
72
110 
111
29
29
160 
161
395
395
210 
211
496
496
260 
261
752
752
310 
311
435
435
360 
361
179
179
410 
411
1061109567
581
460 
461
341
341
510 
511
474
474
560 
561
51
51
610 
611
905
905
660 
661
470
470
710 
711
374
374
760 
761
345
345
810 
811
313
313
860 
861
712
712
910 
911
277
277
960 
961
378
378
1010 
1011
608
608
1060 
1061
81
81
1110 
1111
1061109567
157
1160 
1161
1061109567
491
1210 
1211
198
198
1260 
1261
904
904
1310 
1311
1061109567
539
1360 
1361
323
323
1410 
1411
1061109567
157
1460 
1461
384
384
1510 
1511
1061109567
710
1560 
1561
559
559
1610 
1611
203
203
1660 
1661
1061109567
83
1710 
1711
810
810
1760 
1761
109
109
1810 
1811
1061109567
430
1860 
1861
788
788
1910 
1911
751
751
1960 
1961
599
599
2010 
2011
938
938
2060 
2061
177
177
2110 
2111
103
103
2160 
2161
71
71
2210 
2211
1061109567
562
2260 
2261
389
389
2310 
2311
513
513
2360 
2361
1061109567
467
2410 
2411
1061109567
319
2460 
2461
406
406
11 
12
1061109567
853
61 
62
797
797
111 
112
1061109567
117
161 
162
874
874
211 
212
983
983
261 
262
825
825
311 
312
970
970
361 
362
865
865
411 
412
1061109567
473
461 
462
881
881
511 
512
1061109567
492
561 
562
280
280
611 
612
500
500
661 
662
1061109567
944
711 
712
1061109567
268
761 
762
1061109567
644
811 
812
540
540
861 
862
147
147
911 
912
51
51
961 
962
487
487
1011 
1012
894
894
1061 
1062
1061109567
86
1111 
1112
828
828
1161 
1162
895
895
1211 
1212
1061109567
183
1261 
1262
1061109567
845
1311 
1312
1061109567
743
1361 
1362
377
377
1411 
1412
1061109567
918
1461 
1462
595
595
1511 
1512
972
972
1561 
1562
759
759
1611 
1612
1061109567
838
1661 
1662
1061109567
803
1711 
1712
674
674
1761 
1762
1061109567
404
1811 
1812
829
829
1861 
1862
1061109567
293
1911 
1912
443
443
1961 
1962
280
280
2011 
2012
140
140
2061 
2062
107
107
2111 
2112
1061109567
210
2161 
2162
1061109567
924
2211 
2212
1061109567
207
2261 
2262
1061109567
413
2311 
2312
1061109567
558
2361 
2362
1061109567
153
2411 
2412
897
897
2461 
2462
1061109567
92
12 
13
1061109567
514
62 
63
664
664
112 
113
396
396
162 
163
1061109567
865
212 
213
340
340
262 
263
255
255
312 
313
449
449
362 
363
999
999
412 
413
1061109567
876
462 
463
1061109567
185
512 
513
1061109567
136
562 
563
160
160
612 
613
954
954
662 
663
167
167
712 
713
1061109567
455
762 
763
1061109567
44
812 
813
235
235
862 
863
478
478
912 
913
699
699
962 
963
295
295
1012 
1013
224
224
1062 
1063
899
899
1112 
1113
67
67
1162 
1163
592
592
1212 
1213
237
237
1262 
1263
1061109567
496
1312 
1313
1061109567
910
1362 
1363
894
894
1412 
1413
1061109567
340
1462 
1463
753
753
1512 
1513
1061109567
862
1562 
1563
78
78
1612 
1613
708
708
1662 
1663
753
753
1712 
1713
484
484
1762 
1763
1061109567
349
1812 
1813
151
151
1862 
1863
299
299
1912 
1913
821
821
1962 
1963
468
468
2012 
2013
750
750
2062 
2063
265
265
2112 
2113
1061109567
995
2162 
2163
562
562
2212 
2213
772
772
2262 
2263
1061109567
573
2312 
2313
1061109567
794
2362 
2363
1061109567
909
2412 
2413
1061109567
32
2462 
2463
330
330
13 
14
334
334
63 
64
1061109567
417
113 
114
1061109567
474
163 
164
1061109567
142
213 
214
1061109567
892
263 
264
290
290
313 
314
729
729
363 
364
924
924
413 
414
532
532
463 
464
828
828
513 
514
1061109567
619
563 
564
608
608
613 
614
1061109567
380
663 
664
1061109567
136
713 
714
165
165
763 
764
373
373
813 
814
616
616
863 
864
997
997
913 
914
139
139
963 
964
170
170
1013 
1014
120
120
1063 
1064
1061109567
575
1113 
1114
879
879
1163 
1164
1061109567
52
1213 
1214
1061109567
976
1263 
1264
332
332
1313 
1314
570
570
1363 
1364
698
698
1413 
1414
600
600
1463 
1464
281
281
1513 
1514
778
778
1563 
1564
871
871
1613 
1614
1061109567
784
1663 
1664
57
57
1713 
1714
238
238
1763 
1764
445
445
1813 
1814
327
327
1863 
1864
1061109567
374
1913 
1914
20
20
1963 
1964
1061109567
639
2013 
2014
37
37
2063 
2064
977
977
2113 
2114
967
967
2163 
2164
1061109567
674
2213 
2214
270
270
2263 
2264
605
605
2313 
2314
1061109567
533
2363 
2364
635
635
2413 
2414
1061109567
952
2463 
2464
422
422
14 
15
466
466
64 
65
724
724
114 
115
51
51
164 
165
974
974
214 
215
1061109567
841
264 
265
505
505
314 
315
1061109567
447
364 
365
1061109567
279
414 
415
1061109567
443
464 
465
1061109567
255
514 
515
587
587
564 
565
188
188
614 
615
686
686
664 
665
361
361
714 
715
421
421
764 
765
897
897
814 
815
633
633
864 
865
1061109567
897
914 
915
1061109567
641
964 
965
1061109567
104
1014 
1015
649
649
1064 
1065
1061109567
995
1114 
1115
877
877
1164 
1165
1061109567
987
1214 
1215
1061109567
297
1264 
1265
708
708
1314 
1315
686
686
1364 
1365
541
541
1414 
1415
270
270
1464 
1465
1
1
1514 
1515
841
841
1564 
1565
1061109567
75
1614 
1615
224
224
1664 
1665
725
725
1714 
1715
1061109567
477
1764 
1765
1061109567
337
1814 
1815
604
604
1864 
1865
906
906
1914 
1915
1061109567
461
1964 
1965
1061109567
229
2014 
2015
11
11
2064 
2065
754
754
2114 
2115
1061109567
484
2164 
2165
487
487
2214 
2215
648
648
2264 
2265
1061109567
690
2314 
2315
1061109567
898
2364 
2365
1061109567
778
2414 
2415
239
239
2464 
2465
1061109567
873
15 
16
1061109567
270
65 
66
126
126
115 
116
604
604
165 
166
134
134
215 
216
772
772
265 
266
372
372
315 
316
260
260
365 
366
758
758
415 
416
750
750
465 
466
267
267
515 
516
73
73
565 
566
729
729
615 
616
1061109567
110
665 
666
456
456
715 
716
929
929
765 
766
706
706
815 
816
1061109567
39
865 
866
843
843
915 
916
1061109567
656
965 
966
661
661
1015 
1016
744
744
1065 
1066
1061109567
839
1115 
1116
826
826
1165 
1166
849
849
1215 
1216
8
8
1265 
1266
267
267
1315 
1316
23
23
1365 
1366
382
382
1415 
1416
984
984
1465 
1466
390
390
1515 
1516
423
423
1565 
1566
842
842
1615 
1616
194
194
1665 
1666
1061109567
862
1715 
1716
832
832
1765 
1766
478
478
1815 
1816
179
179
1865 
1866
292
292
1915 
1916
499
499
1965 
1966
1061109567
598
2015 
2016
1061109567
104
2065 
2066
1061109567
946
2115 
2116
332
332
2165 
2166
7
7
2215 
2216
92
92
2265 
2266
954
954
2315 
2316
1061109567
826
2365 
2366
627
627
2415 
2416
281
281
2465 
2466
661
661
16 
17
972
972
66 
67
786
786
116 
117
29
29
166 
167
721
721
216 
217
389
389
266 
267
494
494
316 
317
348
348
366 
367
1061109567
391
416 
417
742
742
466 
467
653
653
516 
517
215
215
566 
567
452
452
616 
617
771
771
666 
667
590
590
716 
717
376
376
766 
767
7
7
816 
817
313
313
866 
867
662
662
916 
917
1061109567
386
966 
967
346
346
1016 
1017
47
47
1066 
1067
1061109567
641
1116 
1117
702
702
1166 
1167
178
178
1216 
1217
85
85
1266 
1267
139
139
1316 
1317
1061109567
846
1366 
1367
1061109567
493
1416 
1417
247
247
1466 
1467
267
267
1516 
1517
1061109567
186
1566 
1567
877
877
1616 
1617
1061109567
613
1666 
1667
924
924
1716 
1717
625
625
1766 
1767
832
832
1816 
1817
952
952
1866 
1867
1061109567
465
1916 
1917
59
59
1966 
1967
1061109567
323
2016 
2017
36
36
2066 
2067
1061109567
194
2116 
2117
357
357
2166 
2167
996
996
2216 
2217
1061109567
282
2266 
2267
48
48
2316 
2317
991
991
2366 
2367
490
490
2416 
2417
1061109567
576
2466 
2467
649
649
17 
18
907
907
67 
68
1061109567
31
117 
118
1061109567
622
167 
168
1061109567
352
217 
218
71
71
267 
268
709
709
317 
318
932
932
367 
368
914
914
417 
418
255
255
467 
468
700
700
517 
518
484
484
567 
568
798
798
617 
618
578
578
667 
668
879
879
717 
718
1061109567
72
767 
768
864
864
817 
818
169
169
867 
868
408
408
917 
918
1061109567
383
967 
968
300
300
1017 
1018
1061109567
747
1067 
1068
1061109567
142
1117 
1118
1061109567
443
1167 
1168
796
796
1217 
1218
1061109567
96
1267 
1268
97
97
1317 
1318
71
71
1367 
1368
261
261
1417 
1418
819
819
1467 
1468
726
726
1517 
1518
1061109567
700
1567 
1568
329
329
1617 
1618
452
452
1667 
1668
597
597
1717 
1718
953
953
1767 
1768
646
646
1817 
1818
1061109567
631
1867 
1868
481
481
1917 
1918
1000
1000
1967 
1968
1061109567
405
2017 
2018
688
688
2067 
2068
1061109567
646
2117 
2118
1061109567
736
2167 
2168
467
467
2217 
2218
753
753
2267 
2268
312
312
2317 
2318
867
867
2367 
2368
518
518
2417 
2418
730
730
2467 
2468
124
124
18 
19
1061109567
755
68 
69
520
520
118 
119
676
676
168 
169
688
688
218 
219
1061109567
317
268 
269
603
603
318 
319
360
360
368 
369
1061109567
951
418 
419
444
444
468 
469
945
945
518 
519
198
198
568 
569
502
502
618 
619
123
123
668 
669
1061109567
368
718 
719
653
653
768 
769
909
909
818 
819
725
725
868 
869
362
362
918 
919
1061109567
944
968 
969
1061109567
269
1018 
1019
1061109567
287
1068 
1069
231
231
1118 
1119
1061109567
497
1168 
1169
949
949
1218 
1219
932
932
1268 
1269
1061109567
44
1318 
1319
1061109567
997
1368 
1369
511
511
1418 
1419
954
954
1468 
1469
833
833
1518 
1519
1061109567
645
1568 
1569
772
772
1618 
1619
1061109567
78
1668 
1669
1061109567
137
1718 
1719
1061109567
274
1768 
1769
127
127
1818 
1819
233
233
1868 
1869
883
883
1918 
1919
1
1
1968 
1969
1061109567
244
2018 
2019
766
766
2068 
2069
1061109567
102
2118 
2119
127
127
2168 
2169
857
857
2218 
2219
50
50
2268 
2269
572
572
2318 
2319
112
112
2368 
2369
1061109567
709
2418 
2419
896
896
2468 
2469
86
86
19 
20
1061109567
134
69 
70
104
104
119 
120
943
943
169 
170
99
99
219 
220
857
857
269 
270
839
839
319 
320
1061109567
420
369 
370
60
60
419 
420
1061109567
192
469 
470
970
970
519 
520
784
784
569 
570
1061109567
126
619 
620
876
876
669 
670
320
320
719 
720
1061109567
196
769 
770
286
286
819 
820
960
960
869 
870
777
777
919 
920
268
268
969 
970
224
224
1019 
1020
90
90
1069 
1070
1061109567
20
1119 
1120
1061109567
189
1169 
1170
376
376
1219 
1220
660
660
1269 
1270
436
436
1319 
1320
806
806
1369 
1370
1061109567
683
1419 
1420
1061109567
175
1469 
1470
587
587
1519 
1520
364
364
1569 
1570
1061109567
963
1619 
1620
363
363
1669 
1670
323
323
1719 
1720
193
193
1769 
1770
143
143
1819 
1820
1061109567
870
1869 
1870
839
839
1919 
1920
246
246
1969 
1970
777
777
2019 
2020
7
7
2069 
2070
273
273
2119 
2120
1061109567
149
2169 
2170
492
492
2219 
2220
1061109567
143
2269 
2270
912
912
2319 
2320
455
455
2369 
2370
1061109567
961
2419 
2420
474
474
2469 
2470
1061109567
115
20 
21
875
875
70 
71
1061109567
795
120 
121
171
171
170 
171
1061109567
4
220 
221
17
17
270 
271
1061109567
31
320 
321
477
477
370 
371
1061109567
220
420 
421
465
465
470 
471
833
833
520 
521
511
511
570 
571
1061109567
462
620 
621
1061109567
264
670 
671
1061109567
467
720 
721
111
111
770 
771
1061109567
856
820 
821
969
969
870 
871
873
873
920 
921
569
569
970 
971
107
107
1020 
1021
510
510
1070 
1071
336
336
1120 
1121
113
113
1170 
1171
864
864
1220 
1221
1061109567
839
1270 
1271
476
476
1320 
1321
970
970
1370 
1371
807
807
1420 
1421
1061109567
391
1470 
1471
819
819
1520 
1521
1061109567
510
1570 
1571
788
788
1620 
1621
717
717
1670 
1671
544
544
1720 
1721
1061109567
834
1770 
1771
612
612
1820 
1821
133
133
1870 
1871
807
807
1920 
1921
1061109567
410
1970 
1971
601
601
2020 
2021
387
387
2070 
2071
336
336
2120 
2121
254
254
2170 
2171
1061109567
115
2220 
2221
673
673
2270 
2271
1061109567
673
2320 
2321
544
544
2370 
2371
1061109567
892
2420 
2421
1061109567
948
2470 
2471
1061109567
406
21 
22
946
946
71 
72
420
420
121 
122
744
744
171 
172
173
173
221 
222
1061109567
786
271 
272
609
609
321 
322
294
294
371 
372
1061109567
999
421 
422
237
237
471 
472
984
984
521 
522
683
683
571 
572
1061109567
901
621 
622
781
781
671 
672
900
900
721 
722
1061109567
597
771 
772
1061109567
850
821 
822
381
381
871 
872
1061109567
714
921 
922
646
646
971 
972
1061109567
899
1021 
1022
204
204
1071 
1072
311
311
1121 
1122
1061109567
335
1171 
1172
720
720
1221 
1222
926
926
1271 
1272
970
970
1321 
1322
788
788
1371 
1372
990
990
1421 
1422
515
515
1471 
1472
1061109567
289
1521 
1522
38
38
1571 
1572
706
706
1621 
1622
175
175
1671 
1672
100
100
1721 
1722
459
459
1771 
1772
440
440
1821 
1822
973
973
1871 
1872
126
126
1921 
1922
14
14
1971 
1972
673
673
2021 
2022
1061109567
792
2071 
2072
33
33
2121 
2122
808
808
2171 
2172
811
811
2221 
2222
410
410
2271 
2272
463
463
2321 
2322
393
393
2371 
2372
650
650
2421 
2422
1061109567
734
2471 
2472
149
149
22 
23
303
303
72 
73
1061109567
748
122 
123
821
821
172 
173
298
298
222 
223
322
322
272 
273
948
948
322 
323
227
227
372 
373
480
480
422 
423
172
172
472 
473
1061109567
739
522 
523
953
953
572 
573
734
734
622 
623
710
710
672 
673
865
865
722 
723
1061109567
7
772 
773
127
127
822 
823
487
487
872 
873
475
475
922 
923
988
988
972 
973
1061109567
297
1022 
1023
545
545
1072 
1073
303
303
1122 
1123
251
251
1172 
1173
533
533
1222 
1223
44
44
1272 
1273
404
404
1322 
1323
968
968
1372 
1373
563
563
1422 
1423
343
343
1472 
1473
894
894
1522 
1523
876
876
1572 
1573
985
985
1622 
1623
1061109567
980
1672 
1673
1061109567
578
1722 
1723
74
74
1772 
1773
700
700
1822 
1823
562
562
1872 
1873
471
471
1922 
1923
145
145
1972 
1973
1061109567
622
2022 
2023
557
557
2072 
2073
1061109567
341
2122 
2123
454
454
2172 
2173
91
91
2222 
2223
1061109567
422
2272 
2273
886
886
2322 
2323
1061109567
205
2372 
2373
1061109567
987
2422 
2423
448
448
2472 
2473
710
710
23 
24
854
854
73 
74
1061109567
433
123 
124
1061109567
416
173 
174
1061109567
795
223 
224
942
942
273 
274
346
346
323 
324
1061109567
169
373 
374
829
829
423 
424
1061109567
48
473 
474
365
365
523 
524
327
327
573 
574
1061109567
115
623 
624
678
678
673 
674
984
984
723 
724
806
806
773 
774
646
646
823 
824
305
305
873 
874
1061109567
290
923 
924
404
404
973 
974
225
225
1023 
1024
1061109567
591
1073 
1074
818
818
1123 
1124
238
238
1173 
1174
754
754
1223 
1224
592
592
1273 
1274
1061109567
381
1323 
1324
389
389
1373 
1374
591
591
1423 
1424
1061109567
206
1473 
1474
948
948
1523 
1524
1061109567
332
1573 
1574
79
79
1623 
1624
1061109567
656
1673 
1674
1061109567
148
1723 
1724
175
175
1773 
1774
1061109567
58
1823 
1824
508
508
1873 
1874
1061109567
175
1923 
1924
727
727
1973 
1974
756
756
2023 
2024
1061109567
775
2073 
2074
229
229
2123 
2124
1061109567
138
2173 
2174
1061109567
196
2223 
2224
413
413
2273 
2274
780
780
2323 
2324
675
675
2373 
2374
840
840
2423 
2424
1061109567
627
2473 
2474
800
800
24 
25
1061109567
321
74 
75
1061109567
66
124 
125
486
486
174 
175
1061109567
740
224 
225
987
987
274 
275
831
831
324 
325
325
325
374 
375
229
229
424 
425
619
619
474 
475
818
818
524 
525
493
493
574 
575
1061109567
266
624 
625
1
1
674 
675
1061109567
765
724 
725
25
25
774 
775
440
440
824 
825
1061109567
426
874 
875
504
504
924 
925
107
107
974 
975
334
334
1024 
1025
739
739
1074 
1075
274
274
1124 
1125
1061109567
381
1174 
1175
155
155
1224 
1225
1061109567
382
1274 
1275
157
157
1324 
1325
379
379
1374 
1375
626
626
1424 
1425
146
146
1474 
1475
1061109567
441
1524 
1525
692
692
1574 
1575
2
2
1624 
1625
695
695
1674 
1675
536
536
1724 
1725
546
546
1774 
1775
717
717
1824 
1825
578
578
1874 
1875
1061109567
275
1924 
1925
1061109567
341
1974 
1975
1000
1000
2024 
2025
1061109567
575
2074 
2075
795
795
2124 
2125
875
875
2174 
2175
244
244
2224 
2225
964
964
2274 
2275
1061109567
94
2324 
2325
705
705
2374 
2375
934
934
2424 
2425
763
763
2474 
2475
1061109567
280
25 
26
1061109567
136
75 
76
1061109567
266
125 
126
1061109567
877
175 
176
1061109567
813
225 
226
436
436
275 
276
340
340
325 
326
143
143
375 
376
839
839
425 
426
1061109567
427
475 
476
754
754
525 
526
422
422
575 
576
179
179
625 
626
982
982
675 
676
181
181
725 
726
1061109567
291
775 
776
668
668
825 
826
1000
1000
875 
876
732
732
925 
926
580
580
975 
976
1061109567
481
1025 
1026
1061109567
970
1075 
1076
1061109567
416
1125 
1126
768
768
1175 
1176
1061109567
455
1225 
1226
890
890
1275 
1276
58
58
1325 
1326
994
994
1375 
1376
1061109567
89
1425 
1426
16
16
1475 
1476
304
304
1525 
1526
1061109567
516
1575 
1576
976
976
1625 
1626
71
71
1675 
1676
446
446
1725 
1726
642
642
1775 
1776
365
365
1825 
1826
1061109567
276
1875 
1876
33
33
1925 
1926
1061109567
912
1975 
1976
1061109567
536
2025 
2026
419
419
2075 
2076
565
565
2125 
2126
1061109567
855
2175 
2176
748
748
2225 
2226
683
683
2275 
2276
58
58
2325 
2326
1061109567
824
2375 
2376
1061109567
733
2425 
2426
533
533
2475 
2476
350
350
26 
27
126
126
76 
77
541
541
126 
127
487
487
176 
177
116
116
226 
227
1061109567
580
276 
277
1061109567
944
326 
327
1061109567
620
376 
377
703
703
426 
427
47
47
476 
477
710
710
526 
527
1061109567
346
576 
577
180
180
626 
627
1061109567
519
676 
677
250
250
726 
727
1061109567
953
776 
777
1061109567
13
826 
827
1061109567
639
876 
877
714
714
926 
927
771
771
976 
977
1061109567
939
1026 
1027
682
682
1076 
1077
795
795
1126 
1127
249
249
1176 
1177
493
493
1226 
1227
587
587
1276 
1277
899
899
1326 
1327
1061109567
387
1376 
1377
1061109567
48
1426 
1427
14
14
1476 
1477
1061109567
894
1526 
1527
649
649
1576 
1577
261
261
1626 
1627
724
724
1676 
1677
447
447
1726 
1727
977
977
1776 
1777
35
35
1826 
1827
31
31
1876 
1877
1061109567
364
1926 
1927
1061109567
845
1976 
1977
113
113
2026 
2027
373
373
2076 
2077
849
849
2126 
2127
907
907
2176 
2177
1061109567
307
2226 
2227
287
287
2276 
2277
809
809
2326 
2327
583
583
2376 
2377
246
246
2426 
2427
389
389
2476 
2477
576
576
27 
28
1061109567
34
77 
78
580
580
127 
128
68
68
177 
178
136
136
227 
228
625
625
277 
278
552
552
327 
328
910
910
377 
378
128
128
427 
428
886
886
477 
478
556
556
527 
528
469
469
577 
578
500
500
627 
628
1061109567
645
677 
678
1061109567
389
727 
728
634
634
777 
778
714
714
827 
828
487
487
877 
878
926
926
927 
928
29
29
977 
978
1061109567
392
1027 
1028
685
685
1077 
1078
1061109567
769
1127 
1128
964
964
1177 
1178
631
631
1227 
1228
599
599
1277 
1278
634
634
1327 
1328
98
98
1377 
1378
229
229
1427 
1428
104
104
1477 
1478
26
26
1527 
1528
973
973
1577 
1578
206
206
1627 
1628
381
381
1677 
1678
271
271
1727 
1728
1061109567
453
1777 
1778
864
864
1827 
1828
1061109567
294
1877 
1878
466
466
1927 
1928
56
56
1977 
1978
667
667
2027 
2028
368
368
2077 
2078
701
701
2127 
2128
1061109567
252
2177 
2178
345
345
2227 
2228
1061109567
525
2277 
2278
716
716
2327 
2328
1061109567
893
2377 
2378
685
685
2427 
2428
609
609
2477 
2478
299
299
28 
29
1061109567
960
78 
79
834
834
128 
129
540
540
178 
179
1061109567
679
228 
229
1061109567
798
278 
279
578
578
328 
329
1061109567
815
378 
379
1061109567
152
428 
429
1061109567
719
478 
479
1061109567
877
528 
529
682
682
578 
579
1061109567
142
628 
629
109
109
678 
679
739
739
728 
729
250
250
778 
779
522
522
828 
829
1061109567
488
878 
879
1061109567
545
928 
929
1061109567
764
978 
979
1061109567
365
1028 
1029
1061109567
14
1078 
1079
233
233
1128 
1129
407
407
1178 
1179
1061109567
65
1228 
1229
982
982
1278 
1279
1061109567
764
1328 
1329
194
194
1378 
1379
513
513
1428 
1429
847
847
1478 
1479
113
113
1528 
1529
811
811
1578 
1579
1
1
1628 
1629
638
638
1678 
1679
133
133
1728 
1729
58
58
1778 
1779
962
962
1828 
1829
521
521
1878 
1879
519
519
1928 
1929
378
378
1978 
1979
650
650
2028 
2029
614
614
2078 
2079
656
656
2128 
2129
672
672
2178 
2179
1061109567
545
2228 
2229
399
399
2278 
2279
510
510
2328 
2329
701
701
2378 
2379
79
79
2428 
2429
792
792
2478 
2479
1061109567
650
29 
30
1061109567
889
79 
80
481
481
129 
130
674
674
179 
180
1061109567
187
229 
230
30
30
279 
280
1061109567
104
329 
330
275
275
379 
380
16
16
429 
430
1061109567
76
479 
480
543
543
529 
530
568
568
579 
580
208
208
629 
630
943
943
679 
680
1061109567
92
729 
730
1061109567
168
779 
780
1061109567
647
829 
830
657
657
879 
880
768
768
929 
930
762
762
979 
980
433
433
1029 
1030
1061109567
773
1079 
1080
810
810
1129 
1130
600
600
1179 
1180
888
888
1229 
1230
141
141
1279 
1280
1061109567
777
1329 
1330
818
818
1379 
1380
241
241
1429 
1430
623
623
1479 
1480
1061109567
409
1529 
1530
387
387
1579 
1580
1061109567
985
1629 
1630
1061109567
213
1679 
1680
66
66
1729 
1730
168
168
1779 
1780
102
102
1829 
1830
686
686
1879 
1880
433
433
1929 
1930
94
94
1979 
1980
1061109567
650
2029 
2030
995
995
2079 
2080
1061109567
859
2129 
2130
999
999
2179 
2180
500
500
2229 
2230
690
690
2279 
2280
1061109567
876
2329 
2330
1061109567
239
2379 
2380
668
668
2429 
2430
1061109567
157
2479 
2480
411
411
30 
31
1061109567
959
80 
81
918
918
130 
131
936
936
180 
181
612
612
230 
231
217
217
280 
281
1061109567
240
330 
331
1061109567
192
380 
381
1061109567
636
430 
431
1061109567
342
480 
481
1061109567
677
530 
531
302
302
580 
581
679
679
630 
631
1061109567
152
680 
681
565
565
730 
731
446
446
780 
781
553
553
830 
831
640
640
880 
881
1061109567
678
930 
931
1061109567
453
980 
981
1061109567
151
1030 
1031
125
125
1080 
1081
956
956
1130 
1131
419
419
1180 
1181
1061109567
725
1230 
1231
352
352
1280 
1281
48
48
1330 
1331
187
187
1380 
1381
746
746
1430 
1431
1061109567
940
1480 
1481
641
641
1530 
1531
270
270
1580 
1581
1061109567
743
1630 
1631
365
365
1680 
1681
1061109567
926
1730 
1731
500
500
1780 
1781
1061109567
400
1830 
1831
1061109567
585
1880 
1881
1061109567
725
1930 
1931
1061109567
953
1980 
1981
724
724
2030 
2031
572
572
2080 
2081
45
45
2130 
2131
123
123
2180 
2181
1061109567
634
2230 
2231
80
80
2280 
2281
923
923
2330 
2331
959
959
2380 
2381
309
309
2430 
2431
389
389
2480 
2481
962
962
31 
32
1061109567
987
81 
82
928
928
131 
132
201
201
181 
182
979
979
231 
232
452
452
281 
282
350
350
331 
332
42
42
381 
382
1061109567
232
431 
432
110
110
481 
482
1061109567
940
531 
532
1061109567
766
581 
582
1061109567
630
631 
632
489
489
681 
682
1061109567
530
731 
732
551
551
781 
782
330
330
831 
832
263
263
881 
882
532
532
931 
932
417
417
981 
982
1061109567
831
1031 
1032
179
179
1081 
1082
1061109567
779
1131 
1132
550
550
1181 
1182
619
619
1231 
1232
115
115
1281 
1282
1061109567
578
1331 
1332
931
931
1381 
1382
482
482
1431 
1432
80
80
1481 
1482
154
154
1531 
1532
412
412
1581 
1582
400
400
1631 
1632
615
615
1681 
1682
933
933
1731 
1732
513
513
1781 
1782
1061109567
800
1831 
1832
697
697
1881 
1882
762
762
1931 
1932
390
390
1981 
1982
1061109567
662
2031 
2032
764
764
2081 
2082
1061109567
594
2131 
2132
894
894
2181 
2182
958
958
2231 
2232
1061109567
570
2281 
2282
443
443
2331 
2332
382
382
2381 
2382
1061109567
450
2431 
2432
1061109567
938
2481 
2482
728
728
32 
33
155
155
82 
83
1061109567
911
132 
133
859
859
182 
183
1061109567
446
232 
233
5
5
282 
283
192
192
332 
333
1061109567
735
382 
383
938
938
432 
433
313
313
482 
483
122
122
532 
533
626
626
582 
583
40
40
632 
633
531
531
682 
683
839
839
732 
733
1061109567
654
782 
783
689
689
832 
833
566
566
882 
883
1061109567
86
932 
933
1061109567
568
982 
983
1061109567
201
1032 
1033
418
418
1082 
1083
686
686
1132 
1133
623
623
1182 
1183
1061109567
271
1232 
1233
524
524
1282 
1283
694
694
1332 
1333
260
260
1382 
1383
1061109567
234
1432 
1433
420
420
1482 
1483
1061109567
862
1532 
1533
801
801
1582 
1583
491
491
1632 
1633
619
619
1682 
1683
183
183
1732 
1733
979
979
1782 
1783
954
954
1832 
1833
1061109567
332
1882 
1883
851
851
1932 
1933
776
776
1982 
1983
1061109567
200
2032 
2033
956
956
2082 
2083
608
608
2132 
2133
1061109567
667
2182 
2183
77
77
2232 
2233
1061109567
19
2282 
2283
361
361
2332 
2333
275
275
2382 
2383
1061109567
49
2432 
2433
1061109567
659
2482 
2483
1061109567
15
33 
34
1061109567
552
83 
84
325
325
133 
134
78
78
183 
184
603
603
233 
234
297
297
283 
284
322
322
333 
334
535
535
383 
384
329
329
433 
434
567
567
483 
484
734
734
533 
534
683
683
583 
584
1061109567
874
633 
634
1061109567
457
683 
684
1061109567
274
733 
734
1061109567
816
783 
784
374
374
833 
834
373
373
883 
884
754
754
933 
934
1061109567
315
983 
984
1061109567
424
1033 
1034
931
931
1083 
1084
955
955
1133 
1134
1061109567
466
1183 
1184
186
186
1233 
1234
101
101
1283 
1284
543
543
1333 
1334
1061109567
139
1383 
1384
849
849
1433 
1434
1061109567
643
1483 
1484
421
421
1533 
1534
958
958
1583 
1584
892
892
1633 
1634
1061109567
495
1683 
1684
126
126
1733 
1734
1061109567
854
1783 
1784
1061109567
334
1833 
1834
897
897
1883 
1884
699
699
1933 
1934
1061109567
152
1983 
1984
283
283
2033 
2034
350
350
2083 
2084
102
102
2133 
2134
1061109567
390
2183 
2184
162
162
2233 
2234
717
717
2283 
2284
278
278
2333 
2334
825
825
2383 
2384
991
991
2433 
2434
779
779
2483 
2484
1061109567
861
34 
35
1061109567
907
84 
85
198
198
134 
135
36
36
184 
185
64
64
234 
235
470
470
284 
285
455
455
334 
335
11
11
384 
385
986
986
434 
435
696
696
484 
485
168
168
534 
535
957
957
584 
585
772
772
634 
635
1061109567
121
684 
685
423
423
734 
735
1061109567
583
784 
785
760
760
834 
835
1061109567
940
884 
885
74
74
934 
935
284
284
984 
985
165
165
1034 
1035
290
290
1084 
1085
748
748
1134 
1135
564
564
1184 
1185
1061109567
184
1234 
1235
753
753
1284 
1285
225
225
1334 
1335
1061109567
846
1384 
1385
921
921
1434 
1435
28
28
1484 
1485
376
376
1534 
1535
404
404
1584 
1585
1061109567
34
1634 
1635
687
687
1684 
1685
1061109567
255
1734 
1735
1061109567
971
1784 
1785
240
240
1834 
1835
677
677
1884 
1885
933
933
1934 
1935
656
656
1984 
1985
557
557
2034 
2035
937
937
2084 
2085
807
807
2134 
2135
325
325
2184 
2185
816
816
2234 
2235
807
807
2284 
2285
65
65
2334 
2335
1061109567
849
2384 
2385
896
896
2434 
2435
968
968
2484 
2485
613
613
35 
36
1061109567
240
85 
86
41
41
135 
136
23
23
185 
186
484
484
235 
236
164
164
285 
286
646
646
335 
336
1061109567
306
385 
386
107
107
435 
436
125
125
485 
486
215
215
535 
536
344
344
585 
586
1061109567
162
635 
636
922
922
685 
686
147
147
735 
736
434
434
785 
786
957
957
835 
836
481
481
885 
886
909
909
935 
936
196
196
985 
986
341
341
1035 
1036
605
605
1085 
1086
967
967
1135 
1136
696
696
1185 
1186
1061109567
331
1235 
1236
1061109567
596
1285 
1286
1061109567
465
1335 
1336
878
878
1385 
1386
1061109567
212
1435 
1436
368
368
1485 
1486
1061109567
896
1535 
1536
1061109567
941
1585 
1586
790
790
1635 
1636
1061109567
24
1685 
1686
10
10
1735 
1736
1061109567
37
1785 
1786
294
294
1835 
1836
710
710
1885 
1886
859
859
1935 
1936
211
211
1985 
1986
264
264
2035 
2036
783
783
2085 
2086
1061109567
260
2135 
2136
262
262
2185 
2186
1061109567
779
2235 
2236
671
671
2285 
2286
1061109567
866
2335 
2336
283
283
2385 
2386
98
98
2435 
2436
107
107
2485 
2486
1061109567
77
36 
37
1061109567
648
86 
87
696
696
136 
137
393
393
186 
187
559
559
236 
237
1061109567
244
286 
287
702
702
336 
337
138
138
386 
387
1061109567
501
436 
437
309
309
486 
487
1061109567
508
536 
537
216
216
586 
587
571
571
636 
637
1061109567
877
686 
687
221
221
736 
737
454
454
786 
787
675
675
836 
837
1061109567
813
886 
887
1061109567
422
936 
937
544
544
986 
987
1061109567
384
1036 
1037
125
125
1086 
1087
534
534
1136 
1137
871
871
1186 
1187
411
411
1236 
1237
641
641
1286 
1287
1061109567
785
1336 
1337
980
980
1386 
1387
282
282
1436 
1437
19
19
1486 
1487
478
478
1536 
1537
435
435
1586 
1587
153
153
1636 
1637
492
492
1686 
1687
315
315
1736 
1737
147
147
1786 
1787
124
124
1836 
1837
673
673
1886 
1887
1061109567
561
1936 
1937
792
792
1986 
1987
856
856
2036 
2037
40
40
2086 
2087
772
772
2136 
2137
320
320
2186 
2187
365
365
2236 
2237
668
668
2286 
2287
287
287
2336 
2337
115
115
2386 
2387
147
147
2436 
2437
510
510
2486 
2487
935
935
37 
38
685
685
87 
88
1061109567
230
137 
138
515
515
187 
188
301
301
237 
238
152
152
287 
288
948
948
337 
338
297
297
387 
388
282
282
437 
438
43
43
487 
488
804
804
537 
538
1061109567
633
587 
588
1061109567
34
637 
638
786
786
687 
688
697
697
737 
738
1061109567
490
787 
788
561
561
837 
838
841
841
887 
888
1061109567
938
937 
938
1061109567
429
987 
988
1061109567
800
1037 
1038
206
206
1087 
1088
79
79
1137 
1138
987
987
1187 
1188
1061109567
374
1237 
1238
1061109567
567
1287 
1288
219
219
1337 
1338
305
305
1387 
1388
295
295
1437 
1438
1061109567
465
1487 
1488
1061109567
254
1537 
1538
748
748
1587 
1588
1061109567
462
1637 
1638
873
873
1687 
1688
712
712
1737 
1738
336
336
1787 
1788
1061109567
79
1837 
1838
270
270
1887 
1888
275
275
1937 
1938
699
699
1987 
1988
1061109567
32
2037 
2038
1061109567
241
2087 
2088
70
70
2137 
2138
749
749
2187 
2188
1061109567
474
2237 
2238
487
487
2287 
2288
1061109567
924
2337 
2338
373
373
2387 
2388
981
981
2437 
2438
1061109567
567
2487 
2488
1061109567
865
38 
39
589
589
88 
89
736
736
138 
139
1061109567
313
188 
189
490
490
238 
239
1061109567
260
288 
289
979
979
338 
339
1061109567
493
388 
389
1061109567
100
438 
439
901
901
488 
489
147
147
538 
539
159
159
588 
589
132
132
638 
639
1061109567
751
688 
689
795
795
738 
739
1061109567
942
788 
789
267
267
838 
839
617
617
888 
889
188
188
938 
939
799
799
988 
989
66
66
1038 
1039
895
895
1088 
1089
668
668
1138 
1139
283
283
1188 
1189
719
719
1238 
1239
156
156
1288 
1289
595
595
1338 
1339
109
109
1388 
1389
489
489
1438 
1439
390
390
1488 
1489
526
526
1538 
1539
871
871
1588 
1589
676
676
1638 
1639
655
655
1688 
1689
939
939
1738 
1739
11
11
1788 
1789
289
289
1838 
1839
108
108
1888 
1889
404
404
1938 
1939
1061109567
245
1988 
1989
1061109567
127
2038 
2039
972
972
2088 
2089
1061109567
170
2138 
2139
172
172
2188 
2189
708
708
2238 
2239
1061109567
477
2288 
2289
1061109567
102
2338 
2339
1061109567
441
2388 
2389
481
481
2438 
2439
1061109567
833
2488 
2489
348
348
39 
40
102
102
89 
90
358
358
139 
140
982
982
189 
190
1061109567
254
239 
240
592
592
289 
290
1061109567
671
339 
340
715
715
389 
390
731
731
439 
440
30
30
489 
490
386
386
539 
540
240
240
589 
590
939
939
639 
640
528
528
689 
690
189
189
739 
740
1061109567
192
789 
790
319
319
839 
840
1061109567
751
889 
890
1061109567
686
939 
940
153
153
989 
990
1061109567
272
1039 
1040
663
663
1089 
1090
671
671
1139 
1140
66
66
1189 
1190
1061109567
614
1239 
1240
417
417
1289 
1290
513
513
1339 
1340
1061109567
853
1389 
1390
954
954
1439 
1440
501
501
1489 
1490
994
994
1539 
1540
888
888
1589 
1590
418
418
1639 
1640
421
421
1689 
1690
157
157
1739 
1740
770
770
1789 
1790
238
238
1839 
1840
368
368
1889 
1890
960
960
1939 
1940
1061109567
580
1989 
1990
95
95
2039 
2040
478
478
2089 
2090
1061109567
484
2139 
2140
446
446
2189 
2190
1061109567
807
2239 
2240
349
349
2289 
2290
236
236
2339 
2340
267
267
2389 
2390
1061109567
477
2439 
2440
672
672
2489 
2490
270
270
40 
41
296
296
90 
91
541
541
140 
141
1061109567
719
190 
191
37
37
240 
241
879
879
290 
291
1061109567
830
340 
341
1061109567
218
390 
391
509
509
440 
441
1061109567
70
490 
491
284
284
540 
541
866
866
590 
591
1061109567
208
640 
641
116
116
690 
691
1061109567
840
740 
741
89
89
790 
791
736
736
840 
841
712
712
890 
891
1061109567
320
940 
941
929
929
990 
991
568
568
1040 
1041
1061109567
398
1090 
1091
822
822
1140 
1141
181
181
1190 
1191
387
387
1240 
1241
293
293
1290 
1291
620
620
1340 
1341
289
289
1390 
1391
762
762
1440 
1441
1061109567
653
1490 
1491
387
387
1540 
1541
270
270
1590 
1591
910
910
1640 
1641
596
596
1690 
1691
892
892
1740 
1741
1061109567
703
1790 
1791
768
768
1840 
1841
1061109567
690
1890 
1891
662
662
1940 
1941
22
22
1990 
1991
598
598
2040 
2041
485
485
2090 
2091
1061109567
417
2140 
2141
1061109567
564
2190 
2191
419
419
2240 
2241
699
699
2290 
2291
1061109567
473
2340 
2341
926
926
2390 
2391
1061109567
210
2440 
2441
929
929
2490 
2491
1061109567
697
41 
42
55
55
91 
92
443
443
141 
142
669
669
191 
192
1061109567
577
241 
242
21
21
291 
292
618
618
341 
342
665
665
391 
392
352
352
441 
442
878
878
491 
492
971
971
541 
542
822
822
591 
592
1061109567
757
641 
642
283
283
691 
692
948
948
741 
742
1061109567
633
791 
792
657
657
841 
842
614
614
891 
892
1061109567
792
941 
942
844
844
991 
992
59
59
1041 
1042
764
764
1091 
1092
12
12
1141 
1142
620
620
1191 
1192
168
168
1241 
1242
688
688
1291 
1292
522
522
1341 
1342
827
827
1391 
1392
1061109567
730
1441 
1442
1061109567
770
1491 
1492
420
420
1541 
1542
629
629
1591 
1592
1061109567
205
1641 
1642
86
86
1691 
1692
158
158
1741 
1742
1061109567
131
1791 
1792
1061109567
554
1841 
1842
966
966
1891 
1892
1061109567
567
1941 
1942
19
19
1991 
1992
1061109567
478
2041 
2042
1061109567
755
2091 
2092
1061109567
678
2141 
2142
381
381
2191 
2192
1061109567
658
2241 
2242
1061109567
812
2291 
2292
1061109567
258
2341 
2342
1061109567
364
2391 
2392
324
324
2441 
2442
66
66
2491 
2492
335
335
42 
43
774
774
92 
93
857
857
142 
143
790
790
192 
193
1061109567
939
242 
243
689
689
292 
293
988
988
342 
343
1061109567
220
392 
393
1061109567
875
442 
443
1061109567
429
492 
493
1061109567
545
542 
543
726
726
592 
593
45
45
642 
643
1061109567
664
692 
693
1061109567
332
742 
743
434
434
792 
793
400
400
842 
843
1061109567
354
892 
893
323
323
942 
943
778
778
992 
993
1061109567
122
1042 
1043
1061109567
474
1092 
1093
1061109567
171
1142 
1143
236
236
1192 
1193
154
154
1242 
1243
959
959
1292 
1293
507
507
1342 
1343
266
266
1392 
1393
1061109567
244
1442 
1443
219
219
1492 
1493
632
632
1542 
1543
1061109567
356
1592 
1593
748
748
1642 
1643
889
889
1692 
1693
903
903
1742 
1743
590
590
1792 
1793
769
769
1842 
1843
1061109567
953
1892 
1893
1061109567
848
1942 
1943
625
625
1992 
1993
710
710
2042 
2043
1061109567
20
2092 
2093
724
724
2142 
2143
616
616
2192 
2193
1061109567
779
2242 
2243
999
999
2292 
2293
608
608
2342 
2343
1061109567
366
2392 
2393
545
545
2442 
2443
638
638
2492 
2493
134
134
43 
44
4
4
93 
94
586
586
143 
144
765
765
193 
194
257
257
243 
244
48
48
293 
294
1061109567
213
343 
344
413
413
393 
394
1061109567
912
443 
444
585
585
493 
494
1061109567
631
543 
544
526
526
593 
594
793
793
643 
644
6
6
693 
694
1061109567
163
743 
744
65
65
793 
794
1061109567
939
843 
844
210
210
893 
894
119
119
943 
944
163
163
993 
994
807
807
1043 
1044
273
273
1093 
1094
1061109567
206
1143 
1144
1061109567
495
1193 
1194
483
483
1243 
1244
792
792
1293 
1294
808
808
1343 
1344
1061109567
487
1393 
1394
734
734
1443 
1444
1061109567
38
1493 
1494
219
219
1543 
1544
1061109567
545
1593 
1594
290
290
1643 
1644
989
989
1693 
1694
296
296
1743 
1744
459
459
1793 
1794
599
599
1843 
1844
1061109567
497
1893 
1894
1061109567
182
1943 
1944
110
110
1993 
1994
799
799
2043 
2044
370
370
2093 
2094
1061109567
930
2143 
2144
535
535
2193 
2194
1061109567
893
2243 
2244
388
388
2293 
2294
862
862
2343 
2344
2
2
2393 
2394
336
336
2443 
2444
1061109567
562
2493 
2494
191
191
44 
45
163
163
94 
95
215
215
144 
145
1061109567
727
194 
195
910
910
244 
245
597
597
294 
295
209
209
344 
345
456
456
394 
395
1061109567
480
444 
445
1061109567
952
494 
495
730
730
544 
545
998
998
594 
595
565
565
644 
645
306
306
694 
695
855
855
744 
745
170
170
794 
795
971
971
844 
845
1061109567
791
894 
895
871
871
944 
945
1061109567
741
994 
995
368
368
1044 
1045
266
266
1094 
1095
1061109567
154
1144 
1145
898
898
1194 
1195
237
237
1244 
1245
231
231
1294 
1295
1061109567
220
1344 
1345
634
634
1394 
1395
988
988
1444 
1445
1061109567
961
1494 
1495
1061109567
623
1544 
1545
355
355
1594 
1595
657
657
1644 
1645
66
66
1694 
1695
1061109567
624
1744 
1745
490
490
1794 
1795
703
703
1844 
1845
981
981
1894 
1895
460
460
1944 
1945
661
661
1994 
1995
555
555
2044 
2045
349
349
2094 
2095
647
647
2144 
2145
1061109567
132
2194 
2195
1061109567
778
2244 
2245
533
533
2294 
2295
1061109567
748
2344 
2345
632
632
2394 
2395
280
280
2444 
2445
958
958
2494 
2495
1061109567
351
45 
46
960
960
95 
96
917
917
145 
146
477
477
195 
196
1061109567
937
245 
246
760
760
295 
296
457
457
345 
346
571
571
395 
396
1061109567
217
445 
446
198
198
495 
496
1061109567
678
545 
546
840
840
595 
596
931
931
645 
646
866
866
695 
696
876
876
745 
746
742
742
795 
796
317
317
845 
846
803
803
895 
896
280
280
945 
946
208
208
995 
996
730
730
1045 
1046
503
503
1095 
1096
1061109567
605
1145 
1146
1061109567
536
1195 
1196
1061109567
332
1245 
1246
367
367
1295 
1296
1061109567
410
1345 
1346
745
745
1395 
1396
1061109567
946
1445 
1446
1061109567
665
1495 
1496
1061109567
146
1545 
1546
846
846
1595 
1596
304
304
1645 
1646
503
503
1695 
1696
799
799
1745 
1746
302
302
1795 
1796
89
89
1845 
1846
520
520
1895 
1896
1061109567
338
1945 
1946
623
623
1995 
1996
260
260
2045 
2046
223
223
2095 
2096
978
978
2145 
2146
877
877
2195 
2196
1061109567
36
2245 
2246
566
566
2295 
2296
1061109567
484
2345 
2346
228
228
2395 
2396
54
54
2445 
2446
310
310
2495 
2496
110
110
46 
47
1061109567
232
96 
97
1061109567
679
146 
147
830
830
196 
197
970
970
246 
247
6
6
296 
297
378
378
346 
347
1061109567
199
396 
397
1061109567
865
446 
447
748
748
496 
497
1061109567
920
546 
547
986
986
596 
597
393
393
646 
647
1061109567
678
696 
697
1061109567
540
746 
747
983
983
796 
797
1061109567
670
846 
847
1061109567
83
896 
897
634
634
946 
947
506
506
996 
997
45
45
1046 
1047
972
972
1096 
1097
685
685
1146 
1147
1061109567
950
1196 
1197
361
361
1246 
1247
1061109567
842
1296 
1297
873
873
1346 
1347
900
900
1396 
1397
680
680
1446 
1447
749
749
1496 
1497
34
34
1546 
1547
1061109567
843
1596 
1597
181
181
1646 
1647
933
933
1696 
1697
742
742
1746 
1747
951
951
1796 
1797
185
185
1846 
1847
913
913
1896 
1897
827
827
1946 
1947
110
110
1996 
1997
1061109567
790
2046 
2047
776
776
2096 
2097
443
443
2146 
2147
815
815
2196 
2197
1061109567
503
2246 
2247
785
785
2296 
2297
1061109567
418
2346 
2347
1061109567
842
2396 
2397
1061109567
546
2446 
2447
1061109567
762
2496 
2497
915
915
47 
48
646
646
97 
98
1061109567
2
147 
148
317
317
197 
198
519
519
247 
248
1061109567
171
297 
298
665
665
347 
348
1061109567
527
397 
398
1061109567
872
447 
448
390
390
497 
498
640
640
547 
548
1061109567
139
597 
598
521
521
647 
648
315
315
697 
698
536
536
747 
748
787
787
797 
798
593
593
847 
848
1061109567
119
897 
898
715
715
947 
948
66
66
997 
998
369
369
1047 
1048
359
359
1097 
1098
771
771
1147 
1148
779
779
1197 
1198
890
890
1247 
1248
1061109567
274
1297 
1298
1061109567
443
1347 
1348
1061109567
793
1397 
1398
800
800
1447 
1448
370
370
1497 
1498
275
275
1547 
1548
60
60
1597 
1598
411
411
1647 
1648
1061109567
787
1697 
1698
994
994
1747 
1748
683
683
1797 
1798
716
716
1847 
1848
1061109567
988
1897 
1898
48
48
1947 
1948
330
330
1997 
1998
811
811
2047 
2048
1061109567
949
2097 
2098
302
302
2147 
2148
379
379
2197 
2198
509
509
2247 
2248
1061109567
482
2297 
2298
815
815
2347 
2348
1061109567
95
2397 
2398
784
784
2447 
2448
433
433
2497 
2498
573
573
48 
49
285
285
98 
99
1061109567
95
148 
149
669
669
198 
199
1061109567
558
248 
249
237
237
298 
299
333
333
348 
349
1061109567
264
398 
399
188
188
448 
449
671
671
498 
499
414
414
548 
549
1061109567
320
598 
599
233
233
648 
649
985
985
698 
699
1061109567
88
748 
749
1061109567
1000
798 
799
841
841
848 
849
1061109567
999
898 
899
1061109567
597
948 
949
344
344
998 
999
613
613
1048 
1049
1061109567
802
1098 
1099
921
921
1148 
1149
664
664
1198 
1199
641
641
1248 
1249
40
40
1298 
1299
555
555
1348 
1349
1061109567
11
1398 
1399
738
738
1448 
1449
149
149
1498 
1499
671
671
1548 
1549
239
239
1598 
1599
1061109567
123
1648 
1649
1061109567
542
1698 
1699
544
544
1748 
1749
1061109567
677
1798 
1799
1061109567
510
1848 
1849
661
661
1898 
1899
724
724
1948 
1949
1061109567
86
1998 
1999
1061109567
926
2048 
2049
116
116
2098 
2099
380
380
2148 
2149
1061109567
969
2198 
2199
214
214
2248 
2249
959
959
2298 
2299
133
133
2348 
2349
316
316
2398 
2399
1061109567
740
2448 
2449
595
595
2498 
2499
1061109567
490
49 
50
520
520
99 
100
1061109567
705
149 
150
902
902
199 
200
213
213
249 
250
1061109567
34
299 
300
662
662
349 
350
160
160
399 
400
1061109567
647
449 
450
141
141
499 
500
581
581
549 
550
283
283
599 
600
700
700
649 
650
1061109567
920
699 
700
746
746
749 
750
1061109567
409
799 
800
1061109567
689
849 
850
469
469
899 
900
76
76
949 
950
915
915
999 
1000
1061109567
251
1049 
1050
62
62
1099 
1100
1061109567
260
1149 
1150
789
789
1199 
1200
179
179
1249 
1250
797
797
1299 
1300
784
784
1349 
1350
187
187
1399 
1400
226
226
1449 
1450
455
455
1499 
1500
912
912
1549 
1550
911
911
1599 
1600
585
585
1649 
1650
963
963
1699 
1700
1061109567
791
1749 
1750
309
309
1799 
1800
572
572
1849 
1850
66
66
1899 
1900
1061109567
669
1949 
1950
1061109567
106
1999 
2000
456
456
2049 
2050
1061109567
802
2099 
2100
243
243
2149 
2150
822
822
2199 
2200
1061109567
106
2249 
2250
817
817
2299 
2300
55
55
2349 
2350
218
218
2399 
2400
569
569
2449 
2450
453
453
2499 
2500
386
386
